4
CMTX
18
5:8:10
BARREL
RPHI
FLOATPT
-inf inf
-inf inf
1
2
6
-3.7795306587e+00
4.7818567420e-03
3.7789378788e+00
-4.8884133460e-03
5.8927126933e-04
-1.5340483731e-05
1.4854871583e+00
-2.0035250086e-03
-4.8551760853e-01
5.1510523831e-04
-4.9025248497e-05
-1.1623616347e-05
QVEC
18
5:8:10
BARREL
RPHI
FLOATPT
-inf inf
-inf inf
1
1
2
2.2880965742e-01
1.1337186810e-02
AMTX
18
5:8:10
BARREL
RPHI
FLOATPT
-inf inf
-inf inf
1
4
6
2.7129484959e+01
-4.8400010424e-02
-2.7341057145e+01
4.4123680319e-02
3.5056000895e-01
-8.6305423351e-03
1.7993512069e+00
-1.3919266732e-02
1.7430634440e+00
-2.8474135622e-02
-3.3018140942e+00
2.4054542064e-02
5.4707965237e-01
-5.8929109659e-01
5.5138912770e-01
-6.4008301117e-02
5.9195199047e-01
-4.1751802612e-02
-2.9528639889e-01
-8.4664394210e-01
-2.9568236824e-01
-1.1881278628e-01
-3.1300145691e-01
-7.9956244260e-02
KVEC
18
5:8:10
BARREL
RPHI
FLOATPT
-inf inf
-inf inf
1
1
4
-4.3602578384e-01
5.8117417659e-01
-1.8775715091e+01
-3.7919683943e+01
