4
CMTX
18
5:6:7:8:9:10
BARREL
RPHI
FLOATPT
3.0000000000e+00 2.0000000000e+02
-inf inf
1
2
12
1.4264454571e+00
-1.3502579491e-03
-1.9337912242e+00
1.7432769996e-03
-1.9824796867e+00
1.8979322606e-03
-1.3572224338e+00
1.1545207600e-03
6.6082934085e-01
-5.8748001255e-04
3.1862556490e+00
-3.0506740265e-03
-1.1981932255e+00
1.1166136130e-03
1.2029529854e+00
-1.0864945660e-03
1.4041743305e+00
-1.3423312834e-03
1.0658021592e+00
-9.3107464148e-04
-1.7762061907e-02
-5.7398013218e-06
-1.4569652584e+00
1.3934091651e-03
QVEC
18
5:6:7:8:9:10
BARREL
RPHI
FLOATPT
3.0000000000e+00 2.0000000000e+02
-inf inf
1
1
2
1.7544927459e-01
-5.1798263985e-03
AMTX
18
5:6:7:8:9:10
BARREL
RPHI
FLOATPT
3.0000000000e+00 2.0000000000e+02
-inf inf
1
10
12
2.7759092087e+02
-2.6102626374e-01
-1.0925573250e+03
1.0623583235e+00
1.2427160893e+03
-1.2058391937e+00
-7.8248275283e+01
4.5578894497e-02
-6.5734968556e+02
6.4048665016e-01
3.0793027833e+02
-2.8561603848e-01
9.0957475138e+01
-1.6183460904e-01
-9.0993616560e+01
9.4642850627e-02
-5.9377612840e+02
5.6523720951e-01
1.3005471574e+03
-1.2602471109e+00
-9.6619247835e+02
9.3234530612e-01
2.5937561897e+02
-2.7776646901e-01
4.0547351048e+02
-3.9920386074e-01
-9.0751458812e+02
8.7535470615e-01
-1.8772286759e+02
1.6037332396e-01
6.3038022977e+02
-6.1967907738e-01
8.6991769046e+02
-8.3667743625e-01
-8.1062185742e+02
7.8597988378e-01
-5.4914091982e+02
5.1803232280e-01
1.7777689816e+02
-1.4681687571e-01
3.8258866014e+02
-3.6850903404e-01
2.9731288415e+02
-2.5393845459e-01
1.0893133621e+01
-1.2341338792e-02
-3.1941102022e+02
3.1016262735e-01
-1.3950921250e+01
2.7114030910e-02
-9.4196616354e+00
-9.3918195896e-03
-4.1281502068e+00
-7.8899865817e-03
2.0893466215e+00
1.3252676495e-02
9.2336246183e+00
-2.7606052804e-02
1.6057130586e+01
-1.1819777586e-02
-5.8547111320e-02
9.7746688119e-01
-5.9784295913e-02
-7.4930204950e-02
-6.0059215629e-02
-9.9624494119e-02
-5.9822222285e-02
4.0517539587e-01
-6.0649394272e-02
-4.8780142022e-02
-6.0838063355e-02
5.8269732399e-02
-7.5625387531e-03
-1.1486636373e-01
-6.7490470466e-03
7.3359210186e-01
-8.0417913874e-03
-6.1450146649e-01
-7.2095853485e-03
2.3231733286e-01
-7.4157199576e-03
-3.0280219505e-02
-7.2192924462e-03
1.3336321371e-01
-2.8738114103e-02
1.1814774091e-01
-2.8951030868e-02
-7.6181812201e-02
-2.9077570712e-02
-1.2122725712e-01
-2.9501659132e-02
-4.9646303426e-01
-2.9403023731e-02
-2.7594615155e-01
-2.8493587736e-02
7.5479213037e-01
3.8471737197e-03
-4.4749480992e-02
3.6902229673e-03
-7.8526540734e-02
3.5274864260e-03
-1.1065873456e-01
3.4678839547e-03
1.0582941477e-02
2.4195258245e-03
-8.8672195888e-01
2.7669829972e-03
-3.3515361859e-01
4.3821664903e-02
-2.2196867916e-01
4.4053913625e-02
6.4188932757e-02
4.4433327177e-02
4.5219401750e-01
4.4589148955e-02
6.0807518398e-01
4.3803565588e-02
-2.1150636054e-01
4.4447322788e-02
4.4668258323e-01
KVEC
18
5:6:7:8:9:10
BARREL
RPHI
FLOATPT
3.0000000000e+00 2.0000000000e+02
-inf inf
1
1
10
6.7264745235e-03
-5.3544888314e+00
-1.6518317907e+00
2.9374972798e+00
-1.4091340968e+00
4.3462360964e+01
1.9841728299e+01
1.6443047770e+01
-1.2329400968e+02
9.1607837249e+01
