CMTX
30
5:6:7:8:9:10
BARREL
RPHI
FLOATPT
2.0000000000e+00 3.0000000000e+00
-inf inf
1
2
12
1.8991919983e+00
-4.4761963418e-03
-2.2650205733e+00
5.4372425683e-03
-2.6874319591e+00
6.3812013847e-03
-2.0500708927e+00
4.8573638660e-03
3.8155598494e+00
-9.2192009948e-03
1.2879293673e+00
-3.2546273146e-03
-1.4012415513e+00
3.3141533587e-03
1.6718269774e+00
-3.9983386508e-03
1.5212618455e+00
-3.6241232926e-03
1.0750575882e+00
-2.5558074225e-03
-1.3932199802e+00
3.3573164485e-03
-4.7375625820e-01
1.2352932876e-03
QVEC
30
5:6:7:8:9:10
BARREL
RPHI
FLOATPT
2.0000000000e+00 3.0000000000e+00
-inf inf
1
1
2
4.3980408293e-01
-1.1498148237e-02
AMTX
30
5:6:7:8:9:10
BARREL
RPHI
FLOATPT
2.0000000000e+00 3.0000000000e+00
-inf inf
1
10
12
-2.2419444686e+02
5.1132642283e-01
1.1649525657e+03
-2.7477898412e+00
-2.2333318681e+03
5.3137792771e+00
1.8626062251e+03
-4.4665646407e+00
-5.5856820356e+02
1.3470488605e+00
-1.1462622196e+01
7.2020623559e-02
6.2272838422e+02
-1.4907553802e+00
-1.8796430040e+03
4.4637868640e+00
6.8909254494e+02
-1.6161902021e+00
1.6993428070e+03
-4.0566659760e+00
-1.2613687929e+03
3.0530923849e+00
1.2981780933e+02
-3.9793213665e-01
4.8128050175e+02
-1.1252189257e+00
-6.7140950252e+02
1.5543686391e+00
-4.8346550720e+02
1.1530611524e+00
2.6700700873e+02
-6.4754829034e-01
1.2471945752e+03
-3.0178059198e+00
-8.4062585822e+02
2.0323041134e+00
5.0899005731e+02
-1.2073455179e+00
-1.3406657273e+02
3.3146774181e-01
-3.4420106946e+02
8.1816966661e-01
-2.9428567141e+02
6.9974026332e-01
-9.6394975918e+01
2.3334572934e-01
3.5995814109e+02
-8.9375549773e-01
2.6781422164e+01
-6.4344328106e-02
1.8077811188e+01
-3.2337757584e-02
8.1057621948e+00
-1.5653474957e-02
-3.8728544283e+00
-5.2729622315e-03
-1.7727606505e+01
4.7114459959e-02
-3.1299227858e+01
7.0211399927e-02
-1.6722412638e-02
8.7980196611e-01
-1.9546998254e-02
-3.1035429308e-01
-1.8774218884e-02
1.0600279344e-02
-2.0176846435e-02
-5.7881619728e-01
-1.9002178136e-02
-8.1550665329e-02
-1.8154657765e-02
2.5201846571e-01
8.4132167791e-03
-1.1267874357e-01
8.1525294672e-03
-2.1171071890e-01
7.1370288054e-03
-6.3906714928e-01
8.5384169241e-03
-4.6055531451e-02
1.0261098673e-02
6.7467115471e-01
9.2998575847e-03
2.7591736141e-01
2.1630962448e-02
-3.8525965743e-01
2.1163764949e-02
-5.5463658965e-01
2.2579873357e-02
5.1999680617e-02
2.2443482825e-02
1.6329555166e-02
2.1322926982e-02
-4.2293350179e-01
2.3704807172e-02
5.7026040238e-01
6.0069144826e-02
-2.4713868654e-02
5.9166707384e-02
-4.1909368705e-01
5.9100217321e-02
-4.3940266420e-01
6.0009618094e-02
-6.0650529022e-02
5.9418060773e-02
-3.0573284685e-01
5.8654290262e-02
-6.2308660598e-01
6.1232156618e-02
-4.1640835713e-01
6.2638444906e-02
1.4619947020e-01
6.2659204846e-02
1.2036140131e-01
6.0614704504e-02
-7.7047276889e-01
6.2738584301e-02
7.0018348085e-02
6.2441749449e-02
-9.0564406398e-02
KVEC
30
5:6:7:8:9:10
BARREL
RPHI
FLOATPT
2.0000000000e+00 3.0000000000e+00
-inf inf
1
1
10
4.2558243202e+00
-5.6422463027e+00
-3.2594172602e+00
-2.5838401578e+00
-6.0379537923e-01
-9.9786552401e+00
4.3876044672e+01
-9.5466408259e-01
-1.3638916576e+02
-5.4811260468e+01
CMTX
30
5:6:7:8:9:10
BARREL
RPHI
FLOATPT
2.0000000000e+00 3.0000000000e+00
-inf inf
-1
2
12
1.4637887786e+00
3.3954648398e-03
-1.4283213001e+00
-3.3045640694e-03
-1.6207359257e+00
-3.8622997672e-03
-2.2840761764e+00
-5.3726063483e-03
-5.1284868622e-03
-5.3101258626e-06
3.8743603088e+00
9.4535745715e-03
-1.2211683439e+00
-2.8625247052e-03
1.2848071377e+00
2.9993975225e-03
1.2176594212e+00
2.8941689176e-03
1.1317968908e+00
2.6613391247e-03
1.3954543259e-02
3.0777664844e-05
-1.4270258267e+00
-3.4765885526e-03
QVEC
30
5:6:7:8:9:10
BARREL
RPHI
FLOATPT
2.0000000000e+00 3.0000000000e+00
-inf inf
-1
1
2
-4.3690885181e-01
9.0731187369e-03
AMTX
30
5:6:7:8:9:10
BARREL
RPHI
FLOATPT
2.0000000000e+00 3.0000000000e+00
-inf inf
-1
10
12
-8.3702943027e+01
-2.2836864771e-01
5.7583329441e+02
1.3496328189e+00
-6.0167224543e+02
-1.4243914256e+00
-1.2840900574e+03
-3.0822262061e+00
2.5871427160e+03
6.2545444552e+00
-1.1935653624e+03
-2.9256873484e+00
8.4144140340e+01
1.6724143256e-01
-8.7812849429e+02
-2.0553582608e+00
2.3205029851e+03
5.5177977378e+00
-1.9091004115e+03
-4.5504289276e+00
-2.2710868037e+01
-5.5129200670e-02
4.0535677722e+02
9.6488829858e-01
-7.8686482930e+02
-1.8533052247e+00
1.9777780606e+03
4.6927574136e+00
-3.1333137074e+02
-7.4212370934e-01
-1.1224767481e+03
-2.7069591752e+00
-6.7244912897e+02
-1.6329894512e+00
9.1733129897e+02
2.2534694173e+00
-5.5397385066e+02
-1.2990186183e+00
1.7126833342e+02
3.9740315241e-01
3.8626854118e+02
9.1692272830e-01
2.9615438277e+02
6.9479592229e-01
2.9092774765e+01
7.2543379469e-02
-3.2879419999e+02
-8.0002436265e-01
-2.6838778397e+01
-6.4556701275e-02
-1.8249418617e+01
-4.6963679062e-02
-8.0214289460e+00
-1.3593241329e-02
3.9143503061e+00
5.1855692591e-03
1.7750844768e+01
5.0521366231e-02
3.1386516116e+01
4.6395796159e-02
-5.0417174625e-02
-9.0470227689e-01
-5.1516971538e-02
-4.2088142841e-01
-5.2720599116e-02
9.9652793911e-02
-5.3367926283e-02
3.8653830955e-01
-5.2073113012e-02
-1.4285366863e-01
-5.3243135856e-02
3.5716512380e-01
1.8329523943e-02
-2.5790851806e-01
1.6401792156e-02
5.4603281035e-01
1.6995367040e-02
2.6220911083e-01
1.6359790578e-02
5.0268732973e-01
1.7258565104e-02
8.5122416017e-02
1.8786951879e-02
-5.7776054093e-01
4.8930150010e-02
-4.1773153157e-02
4.9225051328e-02
-1.6507781778e-01
5.0341403085e-02
-6.3930347925e-01
4.8191364194e-02
2.6128458417e-01
4.7179476087e-02
6.7504867193e-01
4.9031125355e-02
-9.1916304275e-02
-1.2075415490e-01
-2.6706023655e-01
-1.2192885372e-01
2.1007326146e-01
-1.2222305090e-01
3.1597440323e-01
-1.2040436062e-01
-4.6890174799e-01
-1.2300781509e-01
5.8436694616e-01
-1.2193917263e-01
1.1733769789e-01
4.5824136746e-02
3.4750023210e-01
4.6436453726e-02
1.1694200731e-01
4.5980538243e-02
3.4168029997e-01
4.5765831566e-02
4.6482529179e-01
4.6389760855e-02
2.5006094884e-01
4.5722632682e-02
5.6002704478e-01
KVEC
30
5:6:7:8:9:10
BARREL
RPHI
FLOATPT
2.0000000000e+00 3.0000000000e+00
-inf inf
-1
1
10
-2.8716192258e+00
-7.9346090744e-01
1.4479154607e+00
-1.6370183417e+00
-2.4372527808e+00
2.2192744150e+01
6.2423817023e+00
2.8089140198e+01
5.0621033676e+01
1.4321220799e+02
CMTX
30
6:7:8:9:10
BARREL
RPHI
FLOATPT
2.0000000000e+00 3.0000000000e+00
-inf inf
1
2
10
1.4590719713e+00
-3.3717156290e-03
-3.7548385942e+00
8.8888999896e-03
-3.3143006303e+00
7.8830726396e-03
4.0384927230e+00
-9.7619681768e-03
1.5717874657e+00
-3.7895633565e-03
-1.0758274533e+00
2.5016247196e-03
2.3085347459e+00
-5.4737916050e-03
2.0084320187e+00
-4.7878252632e-03
-1.5582125191e+00
3.7591799538e-03
-6.8303764376e-01
1.6291923450e-03
QVEC
30
6:7:8:9:10
BARREL
RPHI
FLOATPT
2.0000000000e+00 3.0000000000e+00
-inf inf
1
1
2
4.2500847872e-01
-4.3219265128e-04
AMTX
30
6:7:8:9:10
BARREL
RPHI
FLOATPT
2.0000000000e+00 3.0000000000e+00
-inf inf
1
8
10
5.3807268138e+02
-1.2623699480e+00
-1.9630578154e+03
4.6777985234e+00
2.2743742890e+03
-5.4527897184e+00
-8.5391124525e+02
2.0618425603e+00
4.5118841552e+00
7.1591072702e-03
1.0331082450e+03
-2.4698117239e+00
-1.2760811451e+03
3.0214622786e+00
-7.7551809110e+02
1.8429019755e+00
1.5163675703e+03
-3.6702505869e+00
-4.9786417589e+02
1.2608133934e+00
-6.5366988645e+02
1.5173452919e+00
1.9630752789e+02
-4.6126651987e-01
5.7011627761e+02
-1.3621323999e+00
6.5126876964e+02
-1.5755412995e+00
-7.6404024368e+02
1.8498845882e+00
3.6284954546e+01
-7.5943427171e-02
2.0893986400e+01
-4.6279466097e-02
2.3333437384e+00
-2.0218126799e-02
-1.9166946060e+01
5.0471440039e-02
-4.0271785762e+01
9.3135608401e-02
3.0020820014e-02
-6.1490093656e-01
3.1077409358e-02
-1.7560984806e-01
3.0234295648e-02
-5.2297566740e-01
3.1310131373e-02
-6.4945519975e-02
3.2930184002e-02
5.9026127420e-01
-3.4088470357e-03
4.8333575702e-02
-4.9761010677e-03
-6.1226224320e-01
-3.3461460235e-03
7.0448342500e-02
-1.6231459954e-03
7.8325333986e-01
-3.4748543316e-03
1.7680379646e-02
-1.1698232792e-01
-1.9248790023e-02
-1.1666623738e-01
1.4504546180e-01
-1.1558708431e-01
6.3946364673e-01
-1.1714277049e-01
4.0448579800e-02
-1.1583053685e-01
6.2480899633e-01
-5.9384636406e-02
4.9554597056e-01
-5.9454931534e-02
4.4357905394e-01
-6.1560603469e-02
-4.5485901704e-01
-5.9572156702e-02
3.4902845475e-01
-5.9652459226e-02
2.9938855315e-01
KVEC
30
6:7:8:9:10
BARREL
RPHI
FLOATPT
2.0000000000e+00 3.0000000000e+00
-inf inf
1
1
8
2.5236077179e+00
1.5221934988e+00
-1.1313137957e+00
-4.8844874202e-01
-8.8404808883e+00
4.6891694528e+01
1.2182946030e+02
7.2427884007e+01
CMTX
30
6:7:8:9:10
BARREL
RPHI
FLOATPT
2.0000000000e+00 3.0000000000e+00
-inf inf
-1
2
10
1.3298866141e+00
3.2313575706e-03
-2.0559464148e+00
-4.8956086482e-03
-3.3158290263e+00
-7.8896133047e-03
-4.6592866844e-01
-1.1246046345e-03
4.5076941156e+00
1.1016437154e-02
-1.0161175718e+00
-2.4496818519e-03
1.5794296392e+00
3.7519955524e-03
1.9952388835e+00
4.7634031837e-03
3.9631097440e-01
9.6044221778e-04
-1.9548229001e+00
-4.7810325993e-03
QVEC
30
6:7:8:9:10
BARREL
RPHI
FLOATPT
2.0000000000e+00 3.0000000000e+00
-inf inf
-1
1
2
-4.3738666053e-01
9.1649854437e-03
AMTX
30
6:7:8:9:10
BARREL
RPHI
FLOATPT
2.0000000000e+00 3.0000000000e+00
-inf inf
-1
8
10
-3.5762360874e+02
-8.3700991954e-01
4.7280205169e+02
1.1194284399e+00
1.2730685809e+03
3.0574816174e+00
-2.6295905864e+03
-6.3587060479e+00
1.2413870936e+03
3.0469541349e+00
7.0132459253e+02
1.6323457937e+00
-2.3072282960e+03
-5.4851576652e+00
1.9510082931e+03
4.6569181066e+00
1.8434572303e+02
4.4566113067e-01
-5.2952146460e+02
-1.2679724990e+00
1.0405562763e+03
2.4753104465e+00
-6.0195927921e+02
-1.4285513318e+00
-8.5641141189e+02
-2.0513913999e+00
-3.1732602364e+02
-7.7321660952e-01
7.3511924772e+02
1.8015331244e+00
-3.6542491695e+01
-8.9785986749e-02
-2.0763710872e+01
-4.3680796988e-02
-2.2813277786e+00
-9.5676759347e-03
1.9177542643e+01
5.3986810902e-02
4.0343723989e+01
6.8162696574e-02
-3.7370737815e-02
-6.7961718541e-01
-3.8651256466e-02
-1.0053367011e-01
-3.8456090061e-02
-1.5093488838e-01
-3.8183466698e-02
-2.1495621448e-01
-4.0347358026e-02
7.1714612722e-01
-9.4436697342e-02
2.2479568620e-01
-9.5504643238e-02
6.6894578359e-01
-9.3335150008e-02
-2.5100904033e-01
-9.2469149602e-02
-6.1826918657e-01
-9.4095325926e-02
4.3369992235e-02
-1.3447252991e-01
8.7589305834e-02
-1.3391537565e-01
-1.7125236338e-01
-1.3235511670e-01
-8.5611742332e-01
-1.3519939774e-01
2.9110088360e-01
-1.3440616272e-01
-7.0013604896e-02
-9.4601882333e-02
1.8300186686e-01
-9.5268112232e-02
4.6620494298e-01
-9.4567102458e-02
1.7018179467e-01
-9.5613569703e-02
6.0426728110e-01
-9.5200226288e-02
4.3013785172e-01
KVEC
30
6:7:8:9:10
BARREL
RPHI
FLOATPT
2.0000000000e+00 3.0000000000e+00
-inf inf
-1
1
8
2.6501220879e+00
2.7596119325e-01
2.2159790041e+00
-2.3438716089e+00
1.9029433967e+01
-2.4683223569e+01
-4.4958930021e+01
1.4215846938e+02
CMTX
30
5:7:8:9:10
BARREL
RPHI
FLOATPT
2.0000000000e+00 3.0000000000e+00
-inf inf
1
2
10
1.1289498710e+00
-2.6475080186e-03
-4.1780372249e+00
9.9049519615e-03
-2.5447264815e+00
6.0257103129e-03
4.1999992313e+00
-1.0155489039e-02
1.3940057855e+00
-3.4145328219e-03
-8.3271223718e-01
1.9654296439e-03
2.6214197047e+00
-6.2255483666e-03
1.4396654925e+00
-3.4180248320e-03
-1.6758334564e+00
4.0450396617e-03
-5.5263506107e-01
1.3559989688e-03
QVEC
30
5:7:8:9:10
BARREL
RPHI
FLOATPT
2.0000000000e+00 3.0000000000e+00
-inf inf
1
1
2
4.3494446476e-01
-7.3800551690e-03
AMTX
30
5:7:8:9:10
BARREL
RPHI
FLOATPT
2.0000000000e+00 3.0000000000e+00
-inf inf
1
8
10
1.4680880196e+02
-3.7129189813e-01
-1.5638304706e+03
3.7323575778e+00
2.4793890055e+03
-5.9373333819e+00
-1.0983807435e+03
2.6537976775e+00
3.5999019143e+01
-9.1684563634e-02
-2.8265732022e+02
6.5638561686e-01
9.4367161500e+02
-2.2433444058e+00
-4.1016016473e+01
1.0776722881e-01
-1.4468279759e+03
3.5003044674e+00
8.2684093383e+02
-2.0231455801e+00
-4.5485060784e+02
1.0784950759e+00
3.9831211121e+02
-9.4512189956e-01
3.3466804280e+02
-7.9517920873e-01
1.1468036247e+02
-2.7682611140e-01
-3.9281194665e+02
9.6740091397e-01
-3.6280661300e+01
8.6254328019e-02
-1.3973011084e+01
3.0039657043e-02
3.1566088117e-01
1.4584090602e-02
1.6839859057e+01
-4.4513442762e-02
3.3027247503e+01
-7.4452457718e-02
3.5955095321e-02
-9.2723430193e-01
3.7961685298e-02
-6.3136331977e-02
3.9461321639e-02
5.7465419595e-01
3.8211136885e-02
5.6864746124e-02
3.7578297561e-02
-1.8675538643e-01
1.9789710223e-04
1.7260143107e-02
-1.3066875333e-03
-6.1848956776e-01
8.0441830383e-06
-6.9288727011e-02
2.0301580257e-03
7.6675773365e-01
5.3535722625e-04
1.4395790043e-01
-2.5021562129e-02
-2.4701760239e-01
-2.4198384085e-02
1.2304449314e-01
-2.4701227362e-02
-7.4675034545e-02
-2.4728634578e-02
-7.2456045511e-02
-2.2362946581e-02
9.0848154343e-01
1.8244365284e-01
-3.4621398894e-01
1.8281823751e-01
-2.6302500067e-01
1.8197443007e-01
-6.5857278665e-01
1.8308711383e-01
-2.4400098223e-01
1.8353264497e-01
-1.0776192008e-01
KVEC
30
5:7:8:9:10
BARREL
RPHI
FLOATPT
2.0000000000e+00 3.0000000000e+00
-inf inf
1
1
8
7.3976737371e-02
-1.0940569397e-01
2.6418384295e+00
1.0848527182e+00
-3.2544440251e-01
4.7821182606e+01
8.7045586701e+01
-1.0035292063e+02
CMTX
30
5:7:8:9:10
BARREL
RPHI
FLOATPT
2.0000000000e+00 3.0000000000e+00
-inf inf
-1
2
10
9.6209959240e-01
2.2068296999e-03
-2.4566605175e+00
-5.8516139603e-03
-2.6295446936e+00
-6.2167625345e-03
5.0504016829e-02
1.2283843909e-04
4.0734568506e+00
9.9623177713e-03
-7.6977930567e-01
-1.7966465010e-03
1.9681163928e+00
4.6785839298e-03
1.4438188587e+00
3.4240318524e-03
-3.4854562310e-02
-8.2371098485e-05
-1.6072492668e+00
-3.9332322769e-03
QVEC
30
5:7:8:9:10
BARREL
RPHI
FLOATPT
2.0000000000e+00 3.0000000000e+00
-inf inf
-1
1
2
-4.3527854592e-01
8.3669354953e-03
AMTX
30
5:7:8:9:10
BARREL
RPHI
FLOATPT
2.0000000000e+00 3.0000000000e+00
-inf inf
-1
8
10
3.6432031222e+01
4.6091318100e-02
3.4279116458e+02
8.2088261291e-01
-1.7828141925e+03
-4.2660837643e+00
2.4455343249e+03
5.9130138124e+00
-1.0419684190e+03
-2.5660157466e+00
2.7009260043e+02
6.5686208249e-01
-1.9858514142e+03
-4.7199411571e+00
1.7424219971e+03
4.1610355436e+00
1.0751124597e+03
2.6035627922e+00
-1.1018393979e+03
-2.6829857099e+00
4.9213524013e+02
1.1525461416e+00
-4.6825240509e+02
-1.1119864721e+00
-3.5158669514e+02
-8.2946575946e-01
-4.0944396897e+01
-1.0192558502e-01
3.6862853220e+02
8.9962746603e-01
3.6485019789e+01
8.7067778123e-02
1.3949468010e+01
2.7283425580e-02
-3.2568829873e-01
3.9664138760e-03
-1.6870764047e+01
-4.8485761140e-02
-3.3174288208e+01
-5.0526890364e-02
8.1535022942e-02
9.4268536828e-01
8.4243299281e-02
-2.1798240236e-01
8.4809110490e-02
-4.6241515608e-01
8.3387054395e-02
1.3443108555e-01
8.4231382108e-02
-2.1783600882e-01
-1.1734212546e-01
7.4760731752e-02
-1.1824842283e-01
4.6514497087e-01
-1.1591901408e-01
-5.0798314979e-01
-1.1575965822e-01
-5.6004704916e-01
-1.1798841818e-01
3.6606666552e-01
-1.2899717941e-01
-1.6535581335e-01
-1.2863086063e-01
-3.0838196186e-01
-1.2841605734e-01
-3.9226927339e-01
-1.3066578651e-01
5.5092270936e-01
-1.3057554348e-01
5.1716155485e-01
1.4341091239e-01
2.6769505148e-01
1.4482969892e-01
-2.1799328169e-01
1.4352287777e-01
3.9886064090e-01
1.4521620660e-01
-2.1874189407e-01
1.4323191551e-01
6.7144893840e-01
KVEC
30
5:7:8:9:10
BARREL
RPHI
FLOATPT
2.0000000000e+00 3.0000000000e+00
-inf inf
-1
1
8
-2.9519887963e+00
-6.7002330489e-03
1.4724449998e+00
2.3243930015e+00
-3.3292864676e+01
-1.8758272103e+01
5.9121406338e+01
7.4323014287e+01
CMTX
30
5:6:8:9:10
BARREL
RPHI
FLOATPT
2.0000000000e+00 3.0000000000e+00
-inf inf
1
2
10
2.1406104024e+00
-5.0356635366e-03
-3.8948910198e+00
9.2957144982e-03
-3.4439221601e+00
8.2082060050e-03
3.7268031369e+00
-9.0000427810e-03
1.4715504231e+00
-3.7673931740e-03
-1.5377101643e+00
3.6305357466e-03
2.5939523452e+00
-6.1807747918e-03
1.8647164251e+00
-4.4541725041e-03
-1.3433195166e+00
3.2329697850e-03
-5.7770731305e-01
1.5254832656e-03
QVEC
30
5:6:8:9:10
BARREL
RPHI
FLOATPT
2.0000000000e+00 3.0000000000e+00
-inf inf
1
1
2
4.4459604649e-01
-1.4728435252e-02
AMTX
30
5:6:8:9:10
BARREL
RPHI
FLOATPT
2.0000000000e+00 3.0000000000e+00
-inf inf
1
8
10
5.1757648497e+02
-1.2472963979e+00
-1.4360620647e+03
3.4153791068e+00
2.1751814189e+03
-5.1984089967e+00
-1.3860438116e+03
3.3554563240e+00
1.2932136932e+02
-3.7937223112e-01
5.9615995640e+02
-1.3951556350e+00
-1.0375072344e+03
2.4217677639e+00
-4.0771486370e-01
-5.0876281803e-03
1.2239434994e+03
-2.9601643397e+00
-7.8220934071e+02
1.8743068362e+00
-5.0813817689e+02
1.2050664763e+00
2.8372136546e+02
-6.8835722081e-01
4.6472005102e+02
-1.1100852475e+00
2.0413040638e+02
-4.9457864526e-01
-4.4443319540e+02
1.1064289161e+00
-2.9366326211e+01
7.0608935927e-02
-2.0355845621e+01
3.7880137619e-02
2.3347546051e+00
9.0505639888e-03
1.6649934292e+01
-4.4802577811e-02
3.0669453875e+01
-6.8706277711e-02
-2.5468389441e-02
8.8051668504e-01
-2.8297644039e-02
-3.1045097171e-01
-2.8929538293e-02
-5.7689641396e-01
-2.7752260348e-02
-7.6731978213e-02
-2.6917803934e-02
2.5315661796e-01
4.2610646614e-02
-3.9936521455e-01
4.2134149177e-02
-5.7450551197e-01
4.3425202241e-02
-5.4688327175e-03
4.2552205366e-02
-3.4581055856e-01
4.4807236575e-02
5.9063471620e-01
-5.9354247574e-02
-7.6737983173e-02
-5.9106318198e-02
4.1422602186e-02
-5.9262035747e-02
-2.0055554354e-02
-5.7253986875e-02
8.1659946207e-01
-5.8051647107e-02
4.8771340452e-01
1.5773078003e-01
-3.5433877320e-01
1.5836698022e-01
-1.2638462285e-01
1.5725182856e-01
-6.7303587457e-01
1.5947304272e-01
1.9862904195e-01
1.5835925357e-01
-3.1020166855e-01
KVEC
30
5:6:8:9:10
BARREL
RPHI
FLOATPT
2.0000000000e+00 3.0000000000e+00
-inf inf
1
1
8
-5.0221751260e+00
-4.8184191848e+00
2.9643392298e+00
7.8118444079e-01
-9.7952356193e+00
2.8384030689e+00
1.2350866083e+02
-7.5226641059e+01
CMTX
30
5:6:8:9:10
BARREL
RPHI
FLOATPT
2.0000000000e+00 3.0000000000e+00
-inf inf
-1
2
10
1.5390433798e+00
3.5585270468e-03
-2.2225222069e+00
-5.1689385917e-03
-3.1471427536e+00
-7.4245657518e-03
-3.8014831920e-01
-9.1194608991e-04
4.2107079816e+00
1.0260403635e-02
-1.2777229534e+00
-2.9854269253e-03
1.8815442582e+00
4.4006694188e-03
1.7800957288e+00
4.2028148263e-03
2.9581705108e-01
7.1166343961e-04
-1.6797494700e+00
-4.0827244990e-03
QVEC
30
5:6:8:9:10
BARREL
RPHI
FLOATPT
2.0000000000e+00 3.0000000000e+00
-inf inf
-1
1
2
-4.3706567032e-01
8.8262454109e-03
AMTX
30
5:6:8:9:10
BARREL
RPHI
FLOATPT
2.0000000000e+00 3.0000000000e+00
-inf inf
-1
8
10
-5.7265832684e+01
-1.7255006477e-01
3.2864816200e+02
7.7034140698e-01
-1.7145640024e+03
-4.1075712180e+00
2.5025200835e+03
6.0503781936e+00
-1.0593743544e+03
-2.6040293261e+00
7.6197408521e+02
1.7976899614e+00
-1.8304645268e+03
-4.3472219717e+00
1.3237961885e+03
3.1858858541e+00
7.4243781301e+02
1.8019803225e+00
-9.9774088647e+02
-2.4467561684e+00
-5.8580591860e+02
-1.3705823137e+00
3.8116295252e+02
8.9076330092e-01
4.9966489062e+02
1.1783470551e+00
1.0818902680e+02
2.6342391782e-01
-4.0320669489e+02
-9.7785901934e-01
2.9381223632e+01
7.0469045302e-02
2.0497369236e+01
5.2605282385e-02
-2.3928517862e+00
-1.3283469657e-03
-1.6676144432e+01
-4.8333462645e-02
-3.0750176438e+01
-4.4790737443e-02
-7.0038011947e-02
-9.0158886837e-01
-7.1086068471e-02
-4.4099775162e-01
-7.2959650635e-02
3.7302087881e-01
-7.1753898536e-02
-1.2105082938e-01
-7.2889016484e-02
3.6285682837e-01
6.2285588007e-02
-2.6366284401e-01
6.0589898776e-02
4.4752906492e-01
6.0133228125e-02
5.8924126698e-01
6.0882073674e-02
2.4085986770e-01
6.2800567072e-02
-5.7597490918e-01
-7.7259904668e-02
-5.0234361646e-02
-7.7286003216e-02
-5.1838723823e-02
-7.7146283109e-02
-1.3797855206e-01
-7.9716109007e-02
9.0971337408e-01
-7.7994085889e-02
1.8051315068e-01
-2.0419898082e-01
-4.0619042431e-01
-2.0589663188e-01
2.7598159533e-01
-2.0409281766e-01
-5.6461710942e-01
-2.0531413155e-01
-1.1378160220e-01
-2.0489778695e-01
-3.3391789930e-01
KVEC
30
5:6:8:9:10
BARREL
RPHI
FLOATPT
2.0000000000e+00 3.0000000000e+00
-inf inf
-1
1
8
-3.2813473041e+00
-1.2965505879e+00
-1.4875440467e+00
2.7110349190e+00
1.8184748539e+01
8.9495733591e+00
8.8026946865e+01
-8.2724016604e+01
CMTX
30
5:6:7:9:10
BARREL
RPHI
FLOATPT
2.0000000000e+00 3.0000000000e+00
-inf inf
1
2
10
2.0941342022e+00
-4.9657463143e-03
-2.6325746435e+00
6.3197988928e-03
-3.6350042562e+00
8.6484914731e-03
2.9264958320e+00
-7.0697292671e-03
1.2470871682e+00
-3.1753728733e-03
-1.5034551061e+00
3.5692173144e-03
1.8643586947e+00
-4.4600646720e-03
2.0184633385e+00
-4.8138030811e-03
-9.2715712944e-01
2.2305883513e-03
-4.5227145364e-01
1.1930997182e-03
QVEC
30
5:6:7:9:10
BARREL
RPHI
FLOATPT
2.0000000000e+00 3.0000000000e+00
-inf inf
1
1
2
4.3736460124e-01
-1.0745740288e-02
AMTX
30
5:6:7:9:10
BARREL
RPHI
FLOATPT
2.0000000000e+00 3.0000000000e+00
-inf inf
1
8
10
6.1154756190e+02
-1.4440956488e+00
-2.1787496628e+03
5.1599812023e+00
2.0139846540e+03
-4.7745984731e+00
-5.3791828638e+02
1.3052613055e+00
9.1112899602e+01
-3.1126522672e-01
4.2876764210e+02
-9.9977530740e-01
-5.9435033083e+02
1.3704540408e+00
-3.6442673584e+02
8.6791381124e-01
1.3854496780e+03
-3.3520357608e+00
-8.5545702470e+02
2.0720363962e+00
5.5865096542e+02
-1.3280305107e+00
-2.2390720693e+02
5.4485302971e-01
-4.7748488522e+02
1.1373146112e+00
-1.8943808642e+02
4.5825955107e-01
3.3217554971e+02
-8.3010025562e-01
2.6195346003e+01
-6.5677045585e-02
1.7432189858e+01
-2.9845754465e-02
7.3879252811e+00
-1.3925032756e-02
-1.8637968082e+01
4.9431933191e-02
-3.2314235135e+01
7.1920661532e-02
6.4524554946e-02
-9.5433479642e-01
6.7599035200e-02
3.1753715238e-01
6.6797438311e-02
-4.3791921532e-02
6.7368048232e-02
1.2778905567e-01
6.6446279921e-02
-2.7113089856e-01
6.4811898578e-03
-4.6608013311e-02
5.9832846326e-03
-2.4253919160e-01
5.0327336104e-03
-6.3953289403e-01
8.1063985588e-03
6.6107937510e-01
7.2365808837e-03
3.0293603003e-01
4.3542246231e-02
-3.8728045358e-01
4.3079728063e-02
-5.5746004008e-01
4.4503287808e-02
4.9632260020e-02
4.3233080277e-02
-4.3795900944e-01
4.5610432027e-02
5.4984012946e-01
1.1106183041e-01
5.7679124535e-02
1.1000575189e-01
-4.0411329785e-01
1.0990892074e-01
-4.4102687016e-01
1.1027510967e-01
-2.9687749729e-01
1.0953438730e-01
-6.0981304429e-01
KVEC
30
5:6:7:9:10
BARREL
RPHI
FLOATPT
2.0000000000e+00 3.0000000000e+00
-inf inf
1
1
8
-7.8775363064e+00
-2.4882937071e+00
-2.5389215579e+00
2.9706265013e-01
-3.0897707499e+01
4.9135077543e+01
-5.9592725246e+00
-1.2790664657e+02
CMTX
30
5:6:7:9:10
BARREL
RPHI
FLOATPT
2.0000000000e+00 3.0000000000e+00
-inf inf
-1
2
10
1.6902003060e+00
3.9790837964e-03
-1.8457991217e+00
-4.3061511986e-03
-2.7229302638e+00
-6.4887522088e-03
-8.6899446921e-01
-2.0911798968e-03
3.7473852283e+00
9.1597281813e-03
-1.3333341412e+00
-3.1518075306e-03
1.4916138525e+00
3.4955470054e-03
1.7638582729e+00
4.1957371511e-03
4.4200283086e-01
1.0643386456e-03
-1.3641042131e+00
-3.3309732874e-03
QVEC
30
5:6:7:9:10
BARREL
RPHI
FLOATPT
2.0000000000e+00 3.0000000000e+00
-inf inf
-1
1
2
-4.3193665555e-01
6.5520462181e-03
AMTX
30
5:6:7:9:10
BARREL
RPHI
FLOATPT
2.0000000000e+00 3.0000000000e+00
-inf inf
-1
8
10
8.8571244819e+01
2.2088737305e-01
-8.8749365751e+02
-2.0762662994e+00
1.7510144556e+03
4.1581889335e+00
-2.2079697837e+03
-5.3383864413e+00
1.2559552405e+03
3.0631624480e+00
-7.0968855368e+02
-1.6570141841e+00
1.9883861924e+03
4.7104066417e+00
-1.0604671150e+03
-2.5199091251e+00
-1.1427917512e+03
-2.7691080572e+00
9.2453977698e+02
2.2817147929e+00
-6.0093714619e+02
-1.4161405834e+00
2.6295736597e+02
6.1624301562e-01
5.1722899273e+02
1.2290972699e+00
1.1373581334e+02
2.7675520565e-01
-2.9296530623e+02
-7.1424174187e-01
2.6250708882e+01
6.3848331974e-02
1.7600473122e+01
4.5435248090e-02
7.2963378125e+00
1.1827597645e-02
-1.8674685737e+01
-5.2770959151e-02
-3.2416748762e+01
-4.8865532597e-02
1.1137116444e-01
8.5359785359e-01
1.1222093762e-01
4.8597559408e-01
1.1359186916e-01
-1.0382249908e-01
1.1287353931e-01
1.8104811176e-01
1.1435759952e-01
-4.4329851118e-01
-8.0754832914e-02
-2.5584459158e-01
-8.2577461114e-02
4.9727840607e-01
-8.2990588503e-02
6.4294983040e-01
-8.0770448779e-02
-3.5086458971e-01
-8.0859091470e-02
-3.4525423651e-01
5.8168468772e-02
4.6380656395e-01
5.9797211717e-02
-2.0000623906e-01
5.8845884726e-02
2.3915736817e-01
6.1240629673e-02
-6.6676248586e-01
5.8707220487e-02
4.2106931100e-01
-9.1566476687e-02
1.7597968598e-01
-9.1584864201e-02
1.9005177915e-01
-9.2151239287e-02
4.4121604317e-01
-9.2309617635e-02
5.2428623743e-01
-9.2333221215e-02
5.4087196045e-01
KVEC
30
5:6:7:9:10
BARREL
RPHI
FLOATPT
2.0000000000e+00 3.0000000000e+00
-inf inf
-1
1
8
9.2610425918e-01
3.7833005939e+00
-8.0898071165e-01
2.1673003412e+00
-1.0843162221e+00
-2.3334767939e+01
1.5902697834e+00
1.3834782945e+02
CMTX
30
5:6:7:8:10
BARREL
RPHI
FLOATPT
2.0000000000e+00 3.0000000000e+00
-inf inf
1
2
10
2.0196930408e+00
-4.8157916382e-03
-3.2500660920e+00
7.8442127654e-03
-2.4766990463e+00
5.9095341834e-03
1.0551763397e+00
-2.5545885962e-03
2.6520394397e+00
-6.6446166697e-03
-1.4452238568e+00
3.4379525745e-03
2.0314368619e+00
-4.8767060317e-03
1.4444191551e+00
-3.4529553686e-03
-5.8853886803e-02
1.5080660966e-04
-9.7184488109e-01
2.4731523552e-03
QVEC
30
5:6:7:8:10
BARREL
RPHI
FLOATPT
2.0000000000e+00 3.0000000000e+00
-inf inf
1
1
2
4.4185371010e-01
-1.3021135227e-02
AMTX
30
5:6:7:8:10
BARREL
RPHI
FLOATPT
2.0000000000e+00 3.0000000000e+00
-inf inf
1
8
10
4.0481544011e+02
-9.4685302204e-01
-1.7176016669e+03
4.0636585577e+00
2.3550106978e+03
-5.5947182941e+00
-1.1485322751e+03
2.7611055704e+00
1.0629678219e+02
-3.2834700591e-01
6.9658632641e+02
-1.6530930052e+00
-1.4684507865e+03
3.4610231829e+00
-3.5059313948e+02
8.5121514467e-01
1.6718303695e+03
-4.0023682364e+00
-5.4940592540e+02
1.2836962427e+00
-5.2549345689e+02
1.2451859608e+00
1.4564156577e+02
-3.5659058230e-01
3.6764104673e+02
-8.7370207018e-01
3.2212710890e+02
-7.6573134191e-01
-3.0991575997e+02
7.7154443312e-01
2.7520047047e+01
-6.5608411751e-02
1.7213492827e+01
-3.0871721302e-02
5.4038349890e+00
-8.8027408767e-03
-8.7839769474e+00
6.4430938777e-03
-4.1293430746e+01
9.4761605495e-02
-2.7285540018e-02
8.8275756563e-01
-3.0101556920e-02
-3.0378341679e-01
-2.9395150086e-02
-1.0776900063e-02
-3.0746050974e-02
-5.7855880869e-01
-2.8715704211e-02
2.5566389152e-01
4.9623054546e-02
-3.8073170991e-01
4.9089429507e-02
-5.7960379203e-01
4.9534779808e-02
-3.8542385084e-01
5.0348478425e-02
-2.6315569061e-02
5.1751218113e-02
5.7873964728e-01
-1.0087099201e-01
-6.1534308965e-02
-1.0045328112e-01
1.3590863787e-01
-9.9176187041e-02
6.7809519271e-01
-1.0056411353e-01
1.1059480681e-01
-9.9451288831e-02
5.9555085529e-01
1.3497081837e-01
-3.9209070525e-01
1.3603616439e-01
2.2220368331e-02
1.3676522364e-01
2.9175571531e-01
1.3447465841e-01
-7.0809080132e-01
1.3608142836e-01
-1.3226978260e-01
KVEC
30
5:6:7:8:10
BARREL
RPHI
FLOATPT
2.0000000000e+00 3.0000000000e+00
-inf inf
1
1
8
-6.1918426441e+00
-5.0855110637e+00
2.7021605793e+00
-9.4335498283e-01
-3.0876969981e+00
1.1489052513e+01
1.0992880633e+02
-5.6773104487e+01
CMTX
30
5:6:7:8:10
BARREL
RPHI
FLOATPT
2.0000000000e+00 3.0000000000e+00
-inf inf
-1
2
10
1.4639685023e+00
3.3955713296e-03
-1.4280807889e+00
-3.3042536159e-03
-1.6217587176e+00
-3.8642335506e-03
-2.2859660071e+00
-5.3771867676e-03
3.8717241694e+00
9.4473055544e-03
-1.2217294102e+00
-2.8635816021e-03
1.2844018071e+00
2.9986175358e-03
1.2203798615e+00
2.9004054790e-03
1.1367434194e+00
2.6732188771e-03
-1.4197716173e+00
-3.4588825833e-03
QVEC
30
5:6:7:8:10
BARREL
RPHI
FLOATPT
2.0000000000e+00 3.0000000000e+00
-inf inf
-1
1
2
-4.3630382785e-01
8.8058977311e-03
AMTX
30
5:6:7:8:10
BARREL
RPHI
FLOATPT
2.0000000000e+00 3.0000000000e+00
-inf inf
-1
8
10
8.3082692173e+01
1.6447355289e-01
-8.7218207878e+02
-2.0413907677e+00
2.3149384512e+03
5.5046075561e+00
-1.9208852621e+03
-4.5787210423e+00
3.9510983187e+02
9.3976774073e-01
-7.8208728036e+02
-1.8495749222e+00
2.0610670477e+03
4.8863552596e+00
-4.6117967506e+02
-1.0926839260e+00
-1.4047252995e+03
-3.3840509214e+00
5.8689893471e+02
1.4432465327e+00
-5.5624544106e+02
-1.3041322616e+00
1.7317543734e+02
4.0202763272e-01
3.9134818005e+02
9.2910381384e-01
3.0458954177e+02
7.1497847297e-01
-3.1285122964e+02
-7.6089973808e-01
-2.7569737246e+01
-6.6009273092e-02
-1.7401699195e+01
-4.5058383642e-02
-5.2928029567e+00
-6.7807703958e-03
8.8401485514e+00
1.7159439957e-02
4.1372066029e+01
7.0950556698e-02
-7.5589638418e-02
-9.1249179997e-01
-7.6729239688e-02
-4.1504417204e-01
-7.7876592483e-02
7.7889948682e-02
-7.8587813485e-02
3.8677600616e-01
-7.8476409758e-02
3.5271363577e-01
-3.0904917652e-02
2.4553971191e-01
-2.9008468371e-02
-5.4679927868e-01
-2.9533058775e-02
-2.9410186922e-01
-2.8984413223e-02
-5.0056662629e-01
-3.1407546997e-02
5.7275206541e-01
-1.9311754230e-01
-1.1863053012e-01
-1.9401939662e-01
2.4277427809e-01
-1.9504285288e-01
6.5877316975e-01
-1.9237837099e-01
-4.8190793596e-01
-1.9401660814e-01
1.4905304260e-01
-1.0906191204e-01
-3.7089275928e-01
-1.0993033281e-01
-3.5863526786e-02
-1.0908220676e-01
-4.3030394622e-01
-1.0911005585e-01
-4.5768845439e-01
-1.0916818101e-01
-5.2478238809e-01
KVEC
30
5:6:7:8:10
BARREL
RPHI
FLOATPT
2.0000000000e+00 3.0000000000e+00
-inf inf
-1
1
8
-7.9911935267e-01
1.2832049783e+00
-1.7892282160e+00
-3.0610577421e+00
3.3386612818e+01
-9.7266288456e-01
2.3675623309e+01
-1.1860349901e+02
CMTX
30
5:6:7:8:9
BARREL
RPHI
FLOATPT
2.0000000000e+00 3.0000000000e+00
-inf inf
1
2
10
2.0992330346e+00
-4.9229131437e-03
-2.6283736058e+00
6.2341664261e-03
-3.3030989410e+00
7.8447234891e-03
-1.8592463247e+00
4.3833422201e-03
5.6916221677e+00
-1.3758232857e-02
-1.4716646999e+00
3.4693670302e-03
1.7965804070e+00
-4.2672962285e-03
1.7534181526e+00
-4.1757062083e-03
1.0071624703e+00
-2.3848348863e-03
-2.0855578275e+00
5.0322037647e-03
QVEC
30
5:6:7:8:9
BARREL
RPHI
FLOATPT
2.0000000000e+00 3.0000000000e+00
-inf inf
1
1
2
4.3003046623e-01
-4.0143467811e-03
AMTX
30
5:6:7:8:9
BARREL
RPHI
FLOATPT
2.0000000000e+00 3.0000000000e+00
-inf inf
1
8
10
2.0323088345e+02
-4.5927316474e-01
-1.1001409501e+03
2.5902139880e+00
2.2030612619e+03
-5.2428050014e+00
-1.9175556293e+03
4.5953900270e+00
6.1140145158e+02
-1.4747131274e+00
6.6466449231e+02
-1.5836337016e+00
-1.9733261614e+03
4.6729414948e+00
6.9635229092e+02
-1.6338593998e+00
1.6664844442e+03
-3.9834754498e+00
-1.0542119677e+03
2.5524122085e+00
6.4482752993e+02
-1.5220615613e+00
-3.5391241842e+02
8.3481817575e-01
-5.2042370561e+02
1.2379641309e+00
-1.9209770847e+02
4.5137462298e-01
4.2159680883e+02
-1.0200918089e+00
3.9983203143e+01
-9.5396102273e-02
2.2917313874e+01
-4.2978513646e-02
3.4983855981e+00
-4.6321548273e-03
-1.9747961476e+01
3.2509669132e-02
-4.6595329667e+01
1.1710656942e-01
-2.2311345472e-02
9.1675956252e-01
-2.5078848136e-02
-2.6095968304e-01
-2.4385771850e-02
2.6634863104e-02
-2.5808382195e-02
-5.7715960115e-01
-2.4646773661e-02
-9.2492517061e-02
9.4469732490e-03
3.2601298091e-02
9.2278958995e-03
-6.1521975598e-02
7.8500136043e-03
-6.4467852671e-01
9.2215833081e-03
-7.2966728243e-02
1.1224231616e-02
7.5396982526e-01
1.1128282772e-01
-3.0918257233e-01
1.1027503849e-01
-7.3048125803e-01
1.1123804838e-01
-3.1933523932e-01
1.1164172736e-01
-1.4457275078e-01
1.1114715730e-01
-3.4019615660e-01
-1.1630686730e-01
3.6408764917e-01
-1.1787275071e-01
-2.6393174693e-01
-1.1775035733e-01
-1.7117764585e-01
-1.1569221618e-01
7.3146651845e-01
-1.1782461776e-01
-1.0555993120e-01
KVEC
30
5:6:7:8:9
BARREL
RPHI
FLOATPT
2.0000000000e+00 3.0000000000e+00
-inf inf
1
1
8
1.4796528826e-01
2.4904835579e+00
-1.4943442514e+00
6.1057926502e-02
-3.4555952571e+01
2.7718700091e+01
-8.9790089470e+01
3.1528772798e+01
CMTX
30
5:6:7:8:9
BARREL
RPHI
FLOATPT
2.0000000000e+00 3.0000000000e+00
-inf inf
-1
2
10
2.0836562146e+00
4.8183496202e-03
-2.5166816907e+00
-5.9429612106e-03
-3.5205579100e+00
-8.3730981176e-03
-1.7209372493e+00
-4.0308495244e-03
5.6742935848e+00
1.3735331010e-02
-1.4494220078e+00
-3.3860322870e-03
1.6854529160e+00
3.9713994901e-03
1.9177604119e+00
4.5563719100e-03
9.2409474581e-01
2.1664490630e-03
-2.0778196225e+00
-5.0298584361e-03
QVEC
30
5:6:7:8:9
BARREL
RPHI
FLOATPT
2.0000000000e+00 3.0000000000e+00
-inf inf
-1
1
2
-4.3221921171e-01
7.8831267532e-03
AMTX
30
5:6:7:8:9
BARREL
RPHI
FLOATPT
2.0000000000e+00 3.0000000000e+00
-inf inf
-1
8
10
1.7831533466e+01
-1.2211241737e-04
-5.3390823110e+02
-1.2499512668e+00
1.9421512677e+03
4.6208144543e+00
-2.2857002961e+03
-5.4568959736e+00
8.5966320289e+02
2.0770251871e+00
-6.7301845016e+02
-1.5940867051e+00
2.1039078709e+03
4.9779235399e+00
-1.1572922116e+03
-2.7461279657e+00
-1.1503215922e+03
-2.7783816824e+00
8.7666910680e+02
2.1138056005e+00
6.4868489929e+02
1.5190365862e+00
-3.5982865186e+02
-8.4954364186e-01
-5.1915337276e+02
-1.2323287299e+00
-1.9286677198e+02
-4.4688039775e-01
4.2313814036e+02
1.0220315020e+00
-4.0039277710e+01
-9.7483434840e-02
-2.3207164249e+01
-6.3426357704e-02
-3.2992928724e+00
-2.3129171296e-03
1.9848860869e+01
4.3332371469e-02
4.6645776910e+01
1.1968220926e-01
6.5637331155e-02
9.5590384805e-01
6.7163787639e-02
3.0954407698e-01
6.8225285722e-02
-1.2313860567e-01
6.9047738989e-02
-4.5642551954e-01
6.7716714075e-02
1.2483988132e-01
-8.8653950338e-02
-2.8715765687e-03
-8.9402485451e-02
3.0793553141e-01
-9.0316267139e-02
6.8904126954e-01
-8.8193700550e-02
-2.0769773453e-01
-8.7306231104e-02
-5.8105226559e-01
8.3144490104e-02
6.4044281613e-02
8.1912430017e-02
6.0434870798e-01
8.2809856772e-02
2.3468151240e-01
8.1915479723e-02
6.2684264588e-01
8.2708419726e-02
3.1117554101e-01
1.9795305459e-01
2.6946183952e-01
1.9920190407e-01
-2.3318571482e-01
1.9907354903e-01
-1.5345988708e-01
1.9776347905e-01
4.2749154385e-01
2.0036174522e-01
-6.1161715785e-01
KVEC
30
5:6:7:8:9
BARREL
RPHI
FLOATPT
2.0000000000e+00 3.0000000000e+00
-inf inf
-1
1
8
9.7096844167e-01
-1.1985524909e+00
1.5629979875e+00
4.9435579198e-01
5.9220581735e+00
-1.9260271546e+01
1.0456519862e+02
-3.6087660692e+01
