56
CMTX
18
5:6:7:8:9:10
BARREL
RPHI
FLOATPT
2.0000000000e+00 3.0000000000e+00
-inf inf
1
2
12
3.1751510719e+00
-7.6701228918e-03
-6.9720299530e+00
1.6560303739e-02
-4.6873830509e+00
1.1127066646e-02
8.4853996722e+00
-2.0368992741e-02
-1.0722360432e-03
3.9866505898e-05
1.8790953789e-04
-2.4501382051e-04
-1.8734565401e+00
4.4979207780e-03
3.4122202272e+00
-8.0993124291e-03
2.2423852242e+00
-5.3195607833e-03
-2.7816957354e+00
6.6801604241e-03
4.9621989325e-04
-1.5389179584e-05
-3.3801085693e-05
1.3032152328e-04
QVEC
18
5:6:7:8:9:10
BARREL
RPHI
FLOATPT
2.0000000000e+00 3.0000000000e+00
-inf inf
1
1
2
4.5058010888e-01
-1.7802008656e-02
AMTX
18
5:6:7:8:9:10
BARREL
RPHI
FLOATPT
2.0000000000e+00 3.0000000000e+00
-inf inf
1
10
12
-4.9813348760e+02
1.1507493332e+00
1.9731328448e+03
-4.6866733071e+00
-2.3516359175e+03
5.6013549619e+00
8.7636385391e+02
-2.0801880010e+00
1.0191116832e-01
5.1509667771e-03
1.8809227976e-01
6.8072487439e-02
7.7726360815e+02
-1.8515434071e+00
-7.7344498726e+02
1.8353450169e+00
-5.9373493694e+02
1.4128469651e+00
5.8998576833e+02
-1.4210873563e+00
-1.1761873530e-01
6.6861876983e-03
6.0784902006e-02
-3.0269144245e-02
-6.7321694749e+01
1.5943985295e-01
-2.6355118529e+01
6.3863648863e-02
1.9718493623e+01
-3.2306440471e-02
7.3984809482e+01
-1.6981406021e-01
-1.5386042752e-01
2.3078708174e-02
1.2124793027e-01
1.1462206490e-02
-1.1341673803e+00
-6.7966794797e-03
-1.1315108956e+00
3.9297385342e-03
-1.1273468617e+00
-6.1615031613e-05
-1.1227078419e+00
-4.1475873140e-02
5.1710686898e+00
-1.4269620291e-02
-7.6816787578e-01
5.3409704308e-02
4.7295567894e-01
1.8805612643e-02
4.7358307351e-01
-9.9433630944e-02
4.7491304782e-01
1.2217638411e-01
4.7581678946e-01
-7.3559574133e-02
1.3170325911e-01
-1.1375238573e-01
-1.8915786589e+00
6.7884048918e-02
5.2954351864e-02
-9.2521948366e-01
5.5914668346e-02
3.1816866239e-01
5.5436024397e-02
1.0673076025e-01
5.6355125914e-02
4.8744997490e-01
5.5400544187e-02
-1.5964467990e-01
2.6200667878e-02
-1.2831380722e-01
4.1384413431e-02
-1.3651322727e-02
4.1518823272e-02
6.1455176383e-02
4.2801349802e-02
6.0647267063e-01
4.0520417937e-02
-3.3051175910e-01
4.9376150220e-02
-6.0582891214e-01
1.4368819088e-01
3.7557721551e-01
-5.6782122566e-02
3.1782437374e-01
-5.6161490245e-02
5.3905510884e-01
-5.7489739902e-02
-4.3539547886e-02
-5.7268289730e-02
4.0197763591e-03
-5.7366263389e-02
-4.1266770543e-01
-8.6053679528e-02
-6.0280720467e-01
-1.2912869997e-01
2.5528073235e-01
-1.3042668477e-01
-2.8309739625e-01
-1.2974936040e-01
-5.9550513394e-04
-1.2809994434e-01
6.8711361677e-01
-1.2772150416e-01
-3.5548456918e-01
-1.1914936918e-01
2.0744101960e-01
-4.6426929304e-02
-5.9023745140e-02
-4.5328473528e-02
3.9830448600e-01
-4.7646281475e-02
-5.9645916324e-01
-4.6496922079e-02
-1.3193007485e-01
-5.9207783130e-02
-1.8961440339e-01
-7.5197816291e-02
5.3099455053e-01
KVEC
18
5:6:7:8:9:10
BARREL
RPHI
FLOATPT
2.0000000000e+00 3.0000000000e+00
-inf inf
1
1
10
8.2012688947e+00
-3.8592528137e+00
4.4487868642e+00
1.8299902177e+00
-4.6091712981e+00
1.6824922744e+00
-2.3581903370e+00
-7.7693780413e+01
3.1923193868e+01
1.3376907066e+01
CMTX
18
5:6:7:8:9:10
BARREL
RPHI
FLOATPT
2.0000000000e+00 3.0000000000e+00
-inf inf
-1
2
12
1.3829475366e+00
3.2454285618e-03
-1.2370732406e+00
-2.8377276029e-03
-1.6856787258e+00
-3.9886016572e-03
-2.3635072823e+00
-5.5684210063e-03
2.7298133544e-03
-1.4234773547e-06
3.9006955101e+00
9.4991892014e-03
-1.1856328980e+00
-2.7903673327e-03
1.2428801637e+00
2.8906538997e-03
1.1558548432e+00
2.7473673820e-03
1.2032225489e+00
2.8382610049e-03
4.3846966458e-02
1.0387849039e-04
-1.4602746410e+00
-3.5502852813e-03
QVEC
18
5:6:7:8:9:10
BARREL
RPHI
FLOATPT
2.0000000000e+00 3.0000000000e+00
-inf inf
-1
1
2
-4.3615331139e-01
8.5744770201e-03
AMTX
18
5:6:7:8:9:10
BARREL
RPHI
FLOATPT
2.0000000000e+00 3.0000000000e+00
-inf inf
-1
10
12
-3.9184689992e+02
-9.1600095775e-01
1.7122360380e+03
4.0259442907e+00
-2.4986333416e+03
-5.9373250117e+00
1.2784650075e+03
3.0375828042e+00
1.0794505661e+02
2.5132942401e-01
-2.0812765010e+02
-4.7541121609e-01
-1.4792129480e+02
-3.7251954419e-01
6.1281328225e+02
1.4301977057e+00
-2.2799764803e+02
-5.3522891494e-01
-1.6876139227e+03
-4.0429500184e+00
2.4758591404e+03
5.9776994794e+00
-1.0252019975e+03
-2.5192383744e+00
7.2168375100e+02
1.6944537580e+00
-1.6301793206e+03
-3.8960291015e+00
-3.5145866603e+02
-8.3018884704e-01
1.4542820728e+03
3.5008425516e+00
9.3703065864e+02
2.2861887167e+00
-1.1314123489e+03
-2.7726374655e+00
-5.5347823041e+02
-1.3025755224e+00
1.7385090510e+02
4.0573119630e-01
3.8440929747e+02
9.1175984073e-01
2.9390208860e+02
6.9256533528e-01
2.5422669418e+01
5.8429196050e-02
-3.2411684886e+02
-7.9230387626e-01
-2.6832821085e+01
-6.4038181424e-02
-1.8194967634e+01
-5.6990786570e-02
-8.1100514780e+00
-2.2864284472e-02
3.8983591088e+00
-2.5348058176e-03
1.7802184332e+01
2.9408995470e-02
3.1374178241e+01
5.8185138500e-02
-1.2445807625e-03
-8.7545124987e-01
-2.4027405814e-03
-3.6694940015e-01
-3.2746802031e-03
1.2524798043e-02
-4.4702836483e-03
5.2357034913e-01
-3.3252703261e-03
5.6711663139e-02
-3.8791546684e-03
3.0297353274e-01
2.0809457352e-02
-3.0165776314e-01
1.8665577194e-02
6.1667352081e-01
2.1759220450e-02
-6.8046961245e-01
2.0016809967e-02
7.0030132579e-02
1.9748716064e-02
1.9330399403e-01
2.0855345226e-02
-2.5258371644e-01
-4.3213161848e-02
-1.7503956102e-01
-4.4026367386e-02
1.4388037587e-01
-4.4304860183e-02
2.2759083972e-01
-4.4309208420e-02
1.9670500067e-01
-4.2262654160e-02
-6.9741388744e-01
-4.2691949576e-02
-5.5298093428e-01
1.6268973997e-02
7.0108974770e-02
1.6805530360e-02
-1.4856747525e-01
1.5824041169e-02
2.5999404610e-01
1.5744712490e-02
2.9304705283e-01
1.5011272301e-02
5.9241123489e-01
1.7928631331e-02
-6.0441322348e-01
-2.9025108206e-02
-4.7603895374e-01
-3.0295902342e-02
4.4001530619e-02
-3.0874145076e-02
2.7088178209e-01
-2.8594304344e-02
-7.0233694200e-01
-3.0694774146e-02
1.4846585535e-01
-3.0017826594e-02
-1.4934837946e-01
KVEC
18
5:6:7:8:9:10
BARREL
RPHI
FLOATPT
2.0000000000e+00 3.0000000000e+00
-inf inf
-1
1
10
5.7006504392e-01
-3.7420956914e+00
-7.3878959850e-01
-2.3373453592e+00
-4.5739814042e+00
4.1056393124e+01
-2.4457645105e+01
-9.5764565226e+01
1.7009677646e+01
-4.6873082862e+01
CMTX
18
6:7:8:9:10
BARREL
RPHI
FLOATPT
2.0000000000e+00 3.0000000000e+00
-inf inf
1
2
10
-1.1142397800e+00
2.6383214047e-03
-7.3026799262e+00
1.7360304239e-02
8.4173219287e+00
-2.0171032092e-02
-5.7663132215e-04
4.1146736679e-05
3.7977685603e-04
-2.7035381853e-05
-4.5021852089e-02
1.1515486259e-04
3.7872197839e+00
-9.0020327318e-03
-2.7423131520e+00
6.5612746809e-03
2.0154403871e-04
-1.5309131235e-05
-1.4864449899e-04
2.0517482942e-06
QVEC
18
6:7:8:9:10
BARREL
RPHI
FLOATPT
2.0000000000e+00 3.0000000000e+00
-inf inf
1
1
2
4.2101165416e-01
-7.0759946732e-04
AMTX
18
6:7:8:9:10
BARREL
RPHI
FLOATPT
2.0000000000e+00 3.0000000000e+00
-inf inf
1
8
10
1.2479934357e+03
-2.9677317465e+00
-2.3005909691e+03
5.4779559016e+00
1.0524047728e+03
-2.5136574729e+00
2.2739175569e-02
8.0178108100e-03
1.8521124339e-01
4.1084814495e-02
1.0679064623e+02
-2.5502960078e-01
6.2347418902e+00
-2.8713761358e-02
-1.1300818136e+02
2.6417708681e-01
1.1801636320e-01
-2.3646430871e-02
-1.2324936806e-01
-8.6212595605e-03
-1.5296618617e+00
6.0702824629e-03
-1.5267659463e+00
-3.2385772318e-03
-1.5236564247e+00
-3.9203192274e-02
5.1614797996e+00
-1.2364049762e-02
-7.2824873068e-01
5.1872238211e-02
-6.1335183225e-01
9.6451973956e-02
-6.1482539499e-01
-1.2535371024e-01
-6.1590523013e-01
7.5629501437e-02
-2.7735621305e-01
1.1115903999e-01
1.8906679654e+00
-6.8446443821e-02
8.4262106496e-02
-3.6920970497e-02
8.5713001446e-02
5.8253973521e-01
8.3207300639e-02
-4.4190507349e-01
9.4420958379e-02
-4.8064245274e-01
1.9823551862e-01
4.3168370570e-01
5.9943786318e-02
-5.5610542024e-01
6.0734596276e-02
-2.0586817184e-01
6.0198100230e-02
-3.9974567749e-01
5.9628768659e-02
5.7233760171e-01
7.8154424463e-02
3.7399072061e-01
-1.3893661058e-01
-3.6818968295e-01
-1.3800907045e-01
3.0044148801e-02
-1.3665830992e-01
6.1292115687e-01
-1.4114845530e-01
-1.8386679756e-01
-1.2921933283e-01
5.2175565703e-01
9.9751023542e-02
-3.3911137650e-01
1.0197130032e-01
6.1978594585e-01
1.0114292124e-01
2.9947729968e-01
1.1565397186e-01
2.8968886928e-01
1.3102459100e-01
-3.8094597179e-01
KVEC
18
6:7:8:9:10
BARREL
RPHI
FLOATPT
2.0000000000e+00 3.0000000000e+00
-inf inf
1
1
8
5.0659194582e+00
-4.0720005056e+00
1.9118288201e+00
4.3801065528e+00
3.1425342942e+00
3.4019140637e+01
6.8749885378e+01
2.5537186463e+01
CMTX
18
6:7:8:9:10
BARREL
RPHI
FLOATPT
2.0000000000e+00 3.0000000000e+00
-inf inf
-1
2
10
1.5662650584e+00
3.8118191243e-03
-2.4391795893e+00
-5.7838687927e-03
-3.2390996252e+00
-7.7066609744e-03
-3.4661456285e-01
-8.7645440972e-04
4.4587931504e+00
1.0884569541e-02
-1.1604952054e+00
-2.8096675034e-03
1.8017946503e+00
4.2866108384e-03
1.9542036786e+00
4.6710399104e-03
3.4289923836e-01
8.5288401521e-04
-1.9385486771e+00
-4.7379912580e-03
QVEC
18
6:7:8:9:10
BARREL
RPHI
FLOATPT
2.0000000000e+00 3.0000000000e+00
-inf inf
-1
1
2
-4.3454553296e-01
7.1191799518e-03
AMTX
18
6:7:8:9:10
BARREL
RPHI
FLOATPT
2.0000000000e+00 3.0000000000e+00
-inf inf
-1
8
10
3.5195396167e+02
8.2435534937e-01
-1.4769275672e+03
-3.5142943108e+00
2.3066965520e+03
5.5163842619e+00
-1.6580526672e+03
-4.0048771008e+00
4.7639238798e+02
1.1957802955e+00
-8.0529704948e+02
-1.8616834925e+00
1.9426323235e+03
4.6093772116e+00
-3.4011032299e+02
-8.0465011159e-01
-2.0224742039e+03
-4.8870772882e+00
1.2252847117e+03
2.9854565436e+00
-1.0483178214e+03
-2.5005477435e+00
5.5953486254e+02
1.3303442257e+00
9.1821702831e+02
2.2027595821e+00
3.3643256623e+02
8.2359930886e-01
-7.6590840190e+02
-1.8812394181e+00
3.6444289552e+01
9.9926886721e-02
2.0893315810e+01
5.2902432677e-02
2.3029950816e+00
1.6948631413e-02
-1.9254374705e+01
-3.2994147224e-02
-4.0315301354e+01
-7.9910165504e-02
1.3828488904e-02
7.2843496636e-01
1.6786105716e-02
-5.2356626891e-01
1.6248269257e-02
-2.9090266581e-01
1.5390110592e-02
6.3824364258e-02
1.6567439346e-02
-4.2654953131e-01
-9.1328387709e-02
5.2634526616e-02
-9.2448594140e-02
4.8070306115e-01
-9.0778948925e-02
-2.6725960242e-01
-8.9974398387e-02
-6.5877825517e-01
-9.0638020181e-02
-4.3327862211e-01
1.1136102313e-02
1.3016605901e-02
1.1354931403e-02
-8.2897829897e-02
9.1844394922e-03
8.2867793728e-01
1.1418452599e-02
-1.0422070074e-01
1.2281227301e-02
-4.5471659648e-01
-1.6200682177e-02
1.5207548720e-01
-1.4919303832e-02
-3.8038696758e-01
-1.6198715458e-02
1.6065354704e-01
-1.4205960987e-02
-6.5881624982e-01
-1.7055074295e-02
5.1556252892e-01
KVEC
18
6:7:8:9:10
BARREL
RPHI
FLOATPT
2.0000000000e+00 3.0000000000e+00
-inf inf
-1
1
8
2.9631500774e+00
1.9595493131e+00
-2.2989656422e+00
4.4892679016e+00
-6.0639151212e+01
-9.7961260972e+01
-5.2198875024e+00
-5.7842811640e+00
CMTX
18
5:7:8:9:10
BARREL
RPHI
FLOATPT
2.0000000000e+00 3.0000000000e+00
-inf inf
1
2
10
7.1939146171e-01
-1.9298298881e-03
-1.1177074957e+01
2.6586032733e-02
1.0457911938e+01
-2.5026579214e-02
-6.2147475317e-04
4.6745974101e-05
6.8578825262e-04
-6.1256098283e-07
-6.7156315428e-01
1.6890645278e-03
5.4185279774e+00
-1.2885327908e-02
-3.7470657573e+00
8.9594096950e-03
2.7561790058e-04
-1.8475557921e-05
-2.7838043841e-04
1.1032748651e-05
QVEC
18
5:7:8:9:10
BARREL
RPHI
FLOATPT
2.0000000000e+00 3.0000000000e+00
-inf inf
1
1
2
4.2106890407e-01
-3.2200603217e-03
AMTX
18
5:7:8:9:10
BARREL
RPHI
FLOATPT
2.0000000000e+00 3.0000000000e+00
-inf inf
1
8
10
5.4090537071e+02
-1.3017611449e+00
-1.4109724777e+03
3.3596391778e+00
8.7002937541e+02
-2.0842520799e+00
-7.1564535152e-02
8.3058003412e-03
1.2692263574e-01
-3.2708758998e-03
8.3066767681e+01
-1.9690818407e-01
-1.1986928646e+01
1.4105150118e-02
-7.1083147938e+01
1.6266117414e-01
1.3326225705e-01
-2.3135768629e-02
-1.2113687360e-01
-1.2609351707e-02
1.5315845079e+00
3.8492424912e-03
1.5257050519e+00
2.9578323729e-03
1.5216705814e+00
3.8138805575e-02
-5.1615113688e+00
1.2319494292e-02
7.2765912748e-01
-5.2079702672e-02
-6.1120139461e-01
3.0887923239e-03
-6.1339750548e-01
-1.2482658175e-01
-6.1442784705e-01
7.2652728271e-02
-2.7672140391e-01
1.1765510219e-01
1.8848572661e+00
-6.2015722181e-02
7.9617268681e-02
-9.5539115167e-01
8.2178158660e-02
1.2349782984e-01
8.3055825816e-02
4.9803259271e-01
8.8213154206e-02
-9.6869516013e-02
8.6576118547e-02
-7.9162186541e-02
8.3583277090e-02
-4.3591111141e-02
8.5071007107e-02
6.1273397426e-01
8.2673681014e-02
-3.6745537943e-01
9.4356915582e-02
-5.3090645362e-01
1.9668145022e-01
3.9924861515e-01
1.8576950058e-01
-2.4904752302e-01
1.8606561118e-01
-8.5512788620e-02
1.8513537443e-01
-4.4355849451e-01
1.8658121662e-01
6.3856801300e-01
1.9006974127e-01
2.9035041454e-01
-1.1631803085e-01
-1.7603019147e-02
-1.1706783928e-01
-3.0715070590e-01
-1.1573568001e-01
2.6352114126e-01
-1.2850714040e-01
-5.4201416388e-02
-1.3287869810e-01
8.0902132861e-01
KVEC
18
5:7:8:9:10
BARREL
RPHI
FLOATPT
2.0000000000e+00 3.0000000000e+00
-inf inf
1
1
8
-5.0405182442e-01
-4.5404061791e+00
-1.7714751208e+00
2.1185101836e+00
2.3237935639e+00
2.1332780459e+00
4.9445565876e+01
8.3098765965e+01
CMTX
18
5:7:8:9:10
BARREL
RPHI
FLOATPT
2.0000000000e+00 3.0000000000e+00
-inf inf
-1
2
10
9.6421301044e-01
2.2533601832e-03
-2.4735095837e+00
-5.8496799681e-03
-2.5983592715e+00
-6.1390316725e-03
4.8328350401e-02
9.8159863904e-05
4.0594675270e+00
9.9088658338e-03
-7.6453281968e-01
-1.7957763324e-03
1.9437752474e+00
4.6137900263e-03
1.4415801748e+00
3.4203436673e-03
1.8477309617e-03
1.3401429185e-05
-1.6227987157e+00
-3.9652889400e-03
QVEC
18
5:7:8:9:10
BARREL
RPHI
FLOATPT
2.0000000000e+00 3.0000000000e+00
-inf inf
-1
1
2
-4.3480282901e-01
7.7678435759e-03
AMTX
18
5:7:8:9:10
BARREL
RPHI
FLOATPT
2.0000000000e+00 3.0000000000e+00
-inf inf
-1
8
10
2.8784324947e+01
9.1877350640e-02
-7.7715307857e+02
-1.8516227847e+00
2.1333506064e+03
5.1025476175e+00
-2.1812736829e+03
-5.2685687554e+00
7.9636105108e+02
1.9718702077e+00
-2.6326390470e+02
-6.1688710782e-01
1.8316626841e+03
4.3533242158e+00
-1.3339295668e+03
-3.1893550904e+00
-1.4990056452e+03
-3.6308575183e+00
1.2645736880e+03
3.0852798188e+00
-4.9176480177e+02
-1.1569394928e+00
4.6787878645e+02
1.1094680374e+00
3.5151921694e+02
8.3220685354e-01
3.7351801204e+01
8.9032186571e-02
-3.6499842545e+02
-8.9431752326e-01
-3.6418538719e+01
-8.5573069529e-02
-1.4023962441e+01
-3.8612569568e-02
3.1975421297e-01
-1.2465458197e-02
1.6924060864e+01
2.6860775267e-02
3.3129946371e+01
6.1246494254e-02
1.8903743495e-03
9.3363170929e-01
3.5849582779e-03
1.7268609336e-01
5.1825329369e-03
-5.2035724557e-01
4.0622927893e-03
-7.4181448931e-02
4.3503174500e-03
-2.1790234274e-01
1.0024074187e-01
1.2823286822e-01
1.0189456621e-01
-5.1122711196e-01
1.0109328423e-01
-1.3991379853e-01
9.9062921110e-02
7.4627273898e-01
1.0038891377e-01
2.3314972237e-01
-3.2165550810e-02
1.2822067038e-02
-3.2284744126e-02
9.0517115394e-02
-3.1367781380e-02
-2.7891074727e-01
-3.1390507178e-02
-2.4342832941e-01
-3.4068795078e-02
8.7276892462e-01
-5.4353248893e-02
-6.5637095575e-02
-5.6193385939e-02
7.4142078445e-01
-5.4434264568e-02
2.0091620364e-02
-5.5636050526e-02
5.3801630156e-01
-5.4453059595e-02
7.0386263512e-02
KVEC
18
5:7:8:9:10
BARREL
RPHI
FLOATPT
2.0000000000e+00 3.0000000000e+00
-inf inf
-1
1
8
3.5396965572e+00
6.0880603499e-01
-2.2218585493e+00
-4.4131426380e+00
-3.5554823890e+01
5.9665949947e+01
5.7982046245e+01
9.2051951454e+01
CMTX
18
5:6:8:9:10
BARREL
RPHI
FLOATPT
2.0000000000e+00 3.0000000000e+00
-inf inf
1
2
10
3.7396568852e+00
-8.9485793167e-03
-1.0303500630e+01
2.4473799429e-02
6.5654778598e+00
-1.5802360831e-02
-1.2133772656e-03
2.3843591502e-05
-1.9719048141e-04
-3.5682887528e-04
-2.1435009903e+00
5.1095845418e-03
5.0059479337e+00
-1.1884977826e-02
-1.8632324332e+00
4.4955932190e-03
5.6363662826e-04
-7.3874020843e-06
1.5098332511e-04
1.8369350976e-04
QVEC
18
5:6:8:9:10
BARREL
RPHI
FLOATPT
2.0000000000e+00 3.0000000000e+00
-inf inf
1
1
2
4.6241766064e-01
-2.3310171505e-02
AMTX
18
5:6:8:9:10
BARREL
RPHI
FLOATPT
2.0000000000e+00 3.0000000000e+00
-inf inf
1
8
10
8.7601033392e+02
-2.0780087390e+00
-1.2328132856e+03
2.9264995656e+00
3.5693516349e+02
-8.6733370808e-01
-1.3593208067e-01
4.9290928566e-03
1.1789019446e-02
-4.6032294725e-02
-6.3684972015e+01
1.5085556293e-01
-2.0786058831e+01
5.0693278600e-02
8.4506485900e+01
-1.9477783678e-01
-1.6811734756e-01
2.4558366889e-02
1.2551144067e-01
1.1043646174e-02
1.5307490599e+00
4.3221590939e-03
1.5277839478e+00
-6.6475650214e-03
1.5181167536e+00
3.8080280779e-02
-5.1608212359e+00
1.2989381846e-02
7.2775515753e-01
-5.2155273287e-02
6.0436113740e-01
1.4254276378e-02
6.0508370116e-01
-9.7284230820e-02
6.0750256647e-01
-7.6366511430e-02
2.6950847613e-01
-9.6910950182e-02
-1.8881942211e+00
6.3953721727e-02
-7.2334020372e-02
9.3026055721e-01
-7.5316084144e-02
-3.1875318138e-01
-7.5775082775e-02
-4.8836788024e-01
-7.5305720288e-02
1.1941645089e-01
-4.0541071299e-02
1.4191570756e-01
-1.1693690389e-01
2.9374646517e-01
-1.1634409914e-01
5.0782096069e-01
-1.1726878196e-01
4.6702594232e-02
-1.2060938872e-01
-6.2327727155e-01
-1.3660053235e-01
-3.8671727537e-01
-6.7148709539e-02
2.0153439494e-01
-6.7828275855e-02
-9.2125061024e-02
-6.6579642317e-02
4.4132246284e-01
-6.7257340258e-02
5.2408877422e-01
-1.3406893865e-01
-6.3004086769e-01
1.8216661545e-01
-1.0818807079e-01
1.8327408574e-01
3.4064001865e-01
1.8102116080e-01
-6.1255042072e-01
1.8685328214e-01
2.5948247705e-01
1.8100335927e-01
-4.1437856782e-01
KVEC
18
5:6:8:9:10
BARREL
RPHI
FLOATPT
2.0000000000e+00 3.0000000000e+00
-inf inf
1
1
8
-5.7148330424e+00
3.8026349768e+00
-2.1581040472e+00
-9.8163975589e+00
1.5804624851e+00
-7.0094938389e+01
9.1011777731e+00
-5.1911571040e+01
CMTX
18
5:6:8:9:10
BARREL
RPHI
FLOATPT
2.0000000000e+00 3.0000000000e+00
-inf inf
-1
2
10
1.5232002873e+00
3.5727152045e-03
-2.2068157802e+00
-5.1096972618e-03
-3.1868705802e+00
-7.5272320818e-03
-2.9384019496e-01
-7.1325389654e-04
4.1644249478e+00
1.0124033927e-02
-1.2818569921e+00
-3.0153884074e-03
1.9079135814e+00
4.4503870268e-03
1.7678810907e+00
4.1817363590e-03
2.4692770342e-01
5.9182099263e-04
-1.6409567807e+00
-3.9782608746e-03
QVEC
18
5:6:8:9:10
BARREL
RPHI
FLOATPT
2.0000000000e+00 3.0000000000e+00
-inf inf
-1
1
2
-4.3519427894e-01
8.4290510373e-03
AMTX
18
5:6:8:9:10
BARREL
RPHI
FLOATPT
2.0000000000e+00 3.0000000000e+00
-inf inf
-1
8
10
-1.0949490700e+02
-2.8280848399e-01
4.5013929839e+02
1.0484786380e+00
-1.7942090344e+03
-4.2959003700e+00
2.4576765599e+03
5.9349723229e+00
-1.0041769772e+03
-2.4707990386e+00
7.7712739227e+02
1.8242944714e+00
-1.8638146831e+03
-4.4439128707e+00
1.2838264800e+03
3.0960026653e+00
8.7510926567e+02
2.1379714930e+00
-1.0723055510e+03
-2.6325043762e+00
-5.8395968900e+02
-1.3738113476e+00
3.8043066922e+02
8.8925837352e-01
4.9934277936e+02
1.1817510491e+00
1.0505412489e+02
2.5013051382e-01
-4.0087427799e+02
-9.7536565272e-01
2.9415528096e+01
7.0012276521e-02
2.0474297007e+01
6.2786294058e-02
-2.3596199863e+00
6.2823504074e-03
-1.6722688894e+01
-2.6597888131e-02
-3.0741466554e+01
-5.6539281982e-02
-2.1972497735e-03
-8.7761192845e-01
-3.3734333785e-03
-3.6155819263e-01
-5.4295906702e-03
5.2396852332e-01
-4.2876192174e-03
5.8245867766e-02
-4.8367206435e-03
3.0237858759e-01
-4.8284727557e-02
-3.4514341427e-01
-5.0285216105e-02
4.8835036342e-01
-4.9669476634e-02
1.8623392069e-01
-4.8578764077e-02
-2.9787288897e-01
-4.7685046741e-02
-6.8639148904e-01
-6.0314441547e-02
6.3675030133e-02
-5.9902188266e-02
-1.3750442831e-01
-6.0236773158e-02
-4.5778344580e-02
-5.8255812595e-02
-8.9761252238e-01
-6.1157883783e-02
2.6862847880e-01
-5.0294370374e-02
-4.3344767662e-01
-5.2237610467e-02
3.8461215515e-01
-4.9761153646e-02
-6.4788214083e-01
-5.1438061702e-02
5.3486341424e-02
-5.2067408781e-02
3.1082233993e-01
KVEC
18
5:6:8:9:10
BARREL
RPHI
FLOATPT
2.0000000000e+00 3.0000000000e+00
-inf inf
-1
1
8
-4.0479061056e+00
-9.3048835976e-01
-2.2195236275e+00
4.4481834900e+00
4.0661903885e+01
-7.8594760275e+01
-5.7655733768e+01
-2.7550700599e+00
CMTX
18
5:6:7:9:10
BARREL
RPHI
FLOATPT
2.0000000000e+00 3.0000000000e+00
-inf inf
1
2
10
3.0437929625e+00
-7.1420983364e-03
-1.6583035540e+01
3.9401728607e-02
1.3541814813e+01
-3.2297408276e-02
-1.1306727262e-03
-3.5600679595e-05
-1.3822411442e-03
-5.7430484662e-04
-1.8303471765e+00
4.3251782988e-03
6.5628288320e+00
-1.5587127801e-02
-3.7334987288e+00
8.9158568427e-03
5.1610594132e-04
9.3244640224e-06
4.8059453665e-04
2.3840773992e-04
QVEC
18
5:6:7:9:10
BARREL
RPHI
FLOATPT
2.0000000000e+00 3.0000000000e+00
-inf inf
1
1
2
4.8182660039e-01
-2.7877952081e-02
AMTX
18
5:6:7:9:10
BARREL
RPHI
FLOATPT
2.0000000000e+00 3.0000000000e+00
-inf inf
1
8
10
9.1691845754e+02
-2.1669988167e+00
-1.7467440452e+03
4.1481809532e+00
8.3004271630e+02
-1.9774580633e+00
-1.7265028329e-01
4.1743878992e-03
-4.5901898048e-02
-6.3345847749e-02
1.2461793246e+02
-2.9784299768e-01
4.1747124861e+00
-1.0713944356e-02
-1.2887568707e+02
2.9146025001e-01
1.9281698065e-01
-2.2022027213e-02
-1.1053678783e-01
-1.2603302932e-02
-1.5322585739e+00
-1.1443685303e-02
-1.5284105663e+00
8.4659954181e-03
-1.5228044165e+00
-3.3610418826e-03
5.1525902553e+00
-1.1731871548e-02
-7.2039121169e-01
4.9859124953e-02
6.0934295984e-01
-7.1103358102e-03
6.1002721477e-01
-9.3820729206e-02
6.1132836637e-01
1.2422610329e-01
2.7768133657e-01
-1.1076697616e-01
-1.8917930627e+00
6.4145705959e-02
1.3078784501e-01
-9.2772700800e-01
1.3381915150e-01
3.4863110332e-01
1.3353290389e-01
2.2237104972e-01
1.3810028871e-01
-2.3204259549e-01
1.6127650780e-01
-5.3333185600e-02
-2.7211322481e-02
2.5128170081e-01
-2.8003589884e-02
-6.0454361375e-02
-2.6478596013e-02
5.8816937591e-01
-1.9805047665e-02
-6.3992833451e-01
6.2624320883e-02
4.0515187853e-01
-9.5551050434e-02
2.4379227842e-01
-9.4700883990e-02
5.5832348391e-01
-9.6210610265e-02
-1.0453104430e-01
-9.9944888521e-02
-4.2087539121e-01
-1.3769499453e-01
-5.8376007884e-01
1.1837023456e-01
1.2268509619e-01
1.1752407019e-01
-2.2907062646e-01
1.1941794559e-01
5.8881945736e-01
1.3342218163e-01
2.4700436379e-01
1.5004912865e-01
-5.6773150506e-01
KVEC
18
5:6:7:9:10
BARREL
RPHI
FLOATPT
2.0000000000e+00 3.0000000000e+00
-inf inf
1
1
8
-6.5099032605e+00
-4.0975322139e+00
4.4052507660e+00
1.3907006633e-01
-2.2232394595e+01
2.0315038900e+01
-8.1057069833e+01
-1.3496984688e+01
CMTX
18
5:6:7:9:10
BARREL
RPHI
FLOATPT
2.0000000000e+00 3.0000000000e+00
-inf inf
-1
2
10
1.6048051950e+00
3.7981235669e-03
-1.6419046808e+00
-3.8091078492e-03
-2.8245223234e+00
-6.6953838758e-03
-9.4221502297e-01
-2.2756686892e-03
3.8039755862e+00
9.2802346451e-03
-1.2986866827e+00
-3.0714039745e-03
1.4492468945e+00
3.3860759661e-03
1.7354470310e+00
4.1249666727e-03
5.2487273592e-01
1.2615670246e-03
-1.4109958248e+00
-3.4387927011e-03
QVEC
18
5:6:7:9:10
BARREL
RPHI
FLOATPT
2.0000000000e+00 3.0000000000e+00
-inf inf
-1
1
2
-4.3226730853e-01
6.8182375526e-03
AMTX
18
5:6:7:9:10
BARREL
RPHI
FLOATPT
2.0000000000e+00 3.0000000000e+00
-inf inf
-1
8
10
4.4017479451e+02
1.0483012721e+00
-1.8339852389e+03
-4.3077229887e+00
2.1555641327e+03
5.1188266963e+00
-1.4606266688e+03
-3.5178244724e+00
6.9887456327e+02
1.6878608012e+00
6.2257085971e+02
1.4517123389e+00
-1.5337491576e+03
-3.6617406026e+00
3.3681443492e+02
8.0780338644e-01
1.9515086934e+03
4.7338137089e+00
-1.3772311903e+03
-3.3889322138e+00
-5.9993392037e+02
-1.4154733209e+00
2.6505367197e+02
6.2373230455e-01
5.1442351816e+02
1.2206097971e+00
1.0799087350e+02
2.5633384417e-01
-2.8754546224e+02
-7.0458422057e-01
2.6244914371e+01
6.4674887541e-02
1.7546539545e+01
5.6312448317e-02
7.3879407515e+00
2.1298162607e-02
-1.8720706731e+01
-3.1698691192e-02
-3.2396860605e+01
-6.0920718984e-02
9.0696011020e-03
8.8691157217e-01
1.0177815816e-02
4.1703180668e-01
1.1321006547e-02
-6.7805590053e-02
1.1344882850e-02
-6.9240256490e-02
1.2203513510e-02
-4.2495877180e-01
3.4652625441e-02
-3.9238861239e-01
3.2397863974e-02
5.7328427914e-01
3.5408398579e-02
-6.8665999759e-01
3.3318128356e-02
2.2291343343e-01
3.4320834593e-02
-1.7876960252e-01
8.9323645491e-02
3.2815313522e-01
9.0592628649e-02
-1.7628060509e-01
9.0707966119e-02
-1.8597023145e-01
8.8708190056e-02
7.3682533083e-01
8.9544119597e-02
4.3293199184e-01
2.0659556146e-03
-1.8871651423e-01
1.9247035698e-03
-1.3212918190e-01
7.6212343525e-04
3.4215764978e-01
2.3170269860e-04
5.2790840685e-01
3.1064792676e-03
-6.6392829620e-01
KVEC
18
5:6:7:9:10
BARREL
RPHI
FLOATPT
2.0000000000e+00 3.0000000000e+00
-inf inf
-1
1
8
2.6373929316e-01
-3.9992209253e+00
-1.7984940142e+00
3.8096211911e+00
-2.0221390088e+01
-2.2499083886e+01
1.0455632121e+02
-1.6470560652e+01
CMTX
18
5:6:7:8:10
BARREL
RPHI
FLOATPT
2.0000000000e+00 3.0000000000e+00
-inf inf
1
2
10
3.1696468114e+00
-7.6620791071e-03
-6.9606638782e+00
1.6535067155e-02
-4.6938627010e+00
1.1147037204e-02
8.4851181600e+00
-2.0378625217e-02
1.6999170800e-05
-2.3279495727e-04
-1.8709113733e+00
4.4940937819e-03
3.4069431665e+00
-8.0874424139e-03
2.2454365600e+00
-5.3286405619e-03
-2.7815985148e+00
6.6846702165e-03
4.4704197152e-05
1.2473543470e-04
QVEC
18
5:6:7:8:10
BARREL
RPHI
FLOATPT
2.0000000000e+00 3.0000000000e+00
-inf inf
1
1
2
4.5312870272e-01
-1.8733315997e-02
AMTX
18
5:6:7:8:10
BARREL
RPHI
FLOATPT
2.0000000000e+00 3.0000000000e+00
-inf inf
1
8
10
4.9764973233e+02
-1.1497512040e+00
-1.9723442596e+03
4.6845280174e+00
2.3514112241e+03
-5.6012290564e+00
-8.7653075258e+02
2.0796843115e+00
-2.0265842493e-01
-6.7123127450e-02
7.7712369452e+02
-1.8518311459e+00
-7.7341199340e+02
1.8355729653e+00
-5.9339622923e+02
1.4127548257e+00
5.8965575463e+02
-1.4214605170e+00
4.1500650560e-02
-2.8918562173e-02
-6.7301503037e+01
1.5805789957e-01
-2.6372706019e+01
6.5012100481e-02
1.9671130137e+01
-2.9899878067e-02
7.3903066890e+01
-1.7126364329e-01
9.3384565197e-02
1.3560466613e-02
-5.0584911874e-01
-2.2674194249e-02
-5.0639680721e-01
1.0725221005e-01
-5.0765479241e-01
-1.1121072550e-01
-5.0850614185e-01
7.2862635938e-02
1.8576288998e+00
-6.3597731257e-02
-8.8069668125e-02
9.3570011434e-01
-9.0987671722e-02
-2.9424755022e-01
-9.0482048671e-02
-7.7684767703e-02
-9.1453072175e-02
-4.8751459497e-01
-5.0862007989e-02
1.4031984457e-01
-1.7422661029e-01
2.1658381046e-01
-1.7419011430e-01
1.9235614568e-01
-1.7590224199e-01
-5.5431377590e-01
-1.7350604080e-01
3.9989853310e-01
-2.6505778683e-01
-5.0328445677e-01
1.1611425740e-01
9.0936960134e-02
1.1717052535e-01
5.1289534714e-01
1.1650463121e-01
2.2940230083e-01
1.1494803878e-01
-4.3690036945e-01
1.0926266299e-01
-5.8329099632e-01
1.4886821111e-02
-1.9694267177e-01
1.6292416320e-02
3.8516012899e-01
1.3984025931e-02
-6.0429161530e-01
1.4479927519e-02
-4.1197886551e-01
-1.5097136741e-02
3.8794865011e-01
KVEC
18
5:6:7:8:10
BARREL
RPHI
FLOATPT
2.0000000000e+00 3.0000000000e+00
-inf inf
1
1
8
-7.7198567649e+00
-4.3314388453e+00
2.6705100271e+00
-4.3545032754e+00
-1.2180644554e+01
-4.5205370938e+01
-5.9493206455e+01
-7.6305192139e+00
CMTX
18
5:6:7:8:10
BARREL
RPHI
FLOATPT
2.0000000000e+00 3.0000000000e+00
-inf inf
-1
2
10
1.3830411774e+00
3.2455585092e-03
-1.2376256559e+00
-2.8390727278e-03
-1.6850797288e+00
-3.9875105928e-03
-2.3622094518e+00
-5.5652710575e-03
3.9019880120e+00
9.5024634249e-03
-1.1871633490e+00
-2.7936030845e-03
1.2416370707e+00
2.8882463630e-03
1.1631012634e+00
2.7643715304e-03
1.2199669137e+00
2.8783082238e-03
-1.4376434804e+00
-3.4947138015e-03
QVEC
18
5:6:7:8:10
BARREL
RPHI
FLOATPT
2.0000000000e+00 3.0000000000e+00
-inf inf
-1
1
2
-4.3686106924e-01
8.3260991853e-03
AMTX
18
5:6:7:8:10
BARREL
RPHI
FLOATPT
2.0000000000e+00 3.0000000000e+00
-inf inf
-1
8
10
3.8636181391e+02
9.0217909334e-01
-1.6871640456e+03
-3.9674832506e+00
2.4858339445e+03
5.9075777665e+00
-1.3470221569e+03
-3.2018646380e+00
1.6194871505e+02
3.6186249235e-01
7.3154743636e+02
1.7267859014e+00
-1.7634692683e+03
-4.2013847306e+00
-2.1436920860e+02
-5.0616651203e-01
1.9396316322e+03
4.6626774808e+00
-6.9337130851e+02
-1.6975070403e+00
-5.5538695374e+02
-1.3068882336e+00
1.7548812776e+02
4.0992212548e-01
3.8881328025e+02
9.2201795346e-01
3.0114737201e+02
7.0985943648e-01
-3.1007094712e+02
-7.5781338941e-01
2.7578267698e+01
6.5774373349e-02
1.7341765658e+01
5.4879266774e-02
5.3900489416e+00
1.7146635198e-02
-8.8424991647e+00
-9.3574901516e-03
-4.1411491130e+01
-8.2994823223e-02
-5.3462226960e-03
-8.7537001450e-01
-6.5041052371e-03
-3.6923390194e-01
-7.4097436643e-03
2.2417286911e-02
-8.5895009808e-03
5.2428652277e-01
-8.0079115060e-03
3.0169684291e-01
-2.1778771756e-02
3.2871155302e-01
-1.9520325443e-02
-6.3265833281e-01
-2.2600320963e-02
6.6389136157e-01
-2.0838875527e-02
-8.8557978170e-02
-2.1755721966e-02
2.8150235237e-01
-4.2417098764e-02
-7.9510792670e-02
-4.2594293647e-02
-1.6395726487e-02
-4.3647935149e-02
3.9970160752e-01
-4.3468678819e-02
3.0074453219e-01
-4.0915215042e-02
-8.0816225587e-01
-8.9880975101e-02
-4.7940714780e-01
-9.1333683161e-02
1.1299870096e-01
-9.1740573850e-02
2.6325986100e-01
-8.9490120581e-02
-7.0241090248e-01
-9.1155485132e-02
-6.2399311044e-02
KVEC
18
5:6:7:8:10
BARREL
RPHI
FLOATPT
2.0000000000e+00 3.0000000000e+00
-inf inf
-1
1
8
-1.5500354796e+00
-1.3483171528e+00
-2.0367791023e+00
3.3447015572e+00
3.6333872382e+01
4.2664018434e+01
-4.9117842022e+01
-4.9186418899e+01
CMTX
18
5:6:7:8:9
BARREL
RPHI
FLOATPT
2.0000000000e+00 3.0000000000e+00
-inf inf
1
2
10
3.1621106315e+00
-7.6333349455e-03
-6.9430316250e+00
1.6472247795e-02
-4.7068242076e+00
1.1186687008e-02
8.4888348322e+00
-2.0393475094e-02
-8.5071287186e-04
2.7269300088e-05
-1.8655732640e+00
4.4771005615e-03
3.3915886881e+00
-8.0422879790e-03
2.2602650659e+00
-5.3670571036e-03
-2.7868057063e+00
6.6993565110e-03
4.4052883792e-04
-1.1592351803e-05
QVEC
18
5:6:7:8:9
BARREL
RPHI
FLOATPT
2.0000000000e+00 3.0000000000e+00
-inf inf
1
1
2
4.2631143796e-01
-4.5602423019e-03
AMTX
18
5:6:7:8:9
BARREL
RPHI
FLOATPT
2.0000000000e+00 3.0000000000e+00
-inf inf
1
8
10
4.9458531785e+02
-1.1441139724e+00
-1.9598960131e+03
4.6578456040e+00
2.3350848293e+03
-5.5661564254e+00
-8.6949840172e+02
2.0652414558e+00
-2.6796770486e-01
1.9109592820e-03
-7.7663225560e+02
1.8487771466e+00
7.7257891154e+02
-1.8296739720e+00
5.9344885976e+02
-1.4150476861e+00
-5.8945668744e+02
1.4227889140e+00
5.4881553467e-02
-3.4827388237e-03
-6.7198329209e+01
1.6063186533e-01
-2.6300844323e+01
6.0317848204e-02
1.9660087793e+01
-2.8456316513e-02
7.3858096541e+01
-1.7196446086e-01
-4.0243132312e-02
1.7985524186e-02
1.2042359135e+00
1.8957089675e-02
1.2039664964e+00
-3.5788662471e-02
1.2025279287e+00
3.1629059081e-02
1.2017369628e+00
1.9967172934e-02
-4.7715646697e+00
-2.2682116133e-02
7.4289293623e-02
-9.3700903303e-01
7.7213716683e-02
2.9637812141e-01
7.6875978411e-02
1.4476058826e-01
7.7629412884e-02
4.5943578628e-01
7.4957284567e-02
-1.8168442973e-01
1.3821573275e-01
6.2300426632e-02
1.3822928487e-01
6.0764959184e-02
1.3963887591e-01
6.4751723383e-01
1.3703812998e-01
-4.4861413259e-01
1.4427893640e-01
-5.4826988317e-01
-1.9315929166e-01
2.9060650720e-01
-1.9264176994e-01
4.9801561493e-01
-1.9419114017e-01
-1.6870292015e-01
-1.9311697085e-01
2.5975646346e-01
-1.9483720271e-01
-5.6982880698e-01
-7.6119172560e-02
1.5264732606e-01
-7.7913119527e-02
-5.8501734373e-01
-7.5657805786e-02
3.7775897608e-01
-7.5244783093e-02
5.6786286456e-01
-6.6250995278e-02
-1.6034067127e-01
KVEC
18
5:6:7:8:9
BARREL
RPHI
FLOATPT
2.0000000000e+00 3.0000000000e+00
-inf inf
1
1
8
-2.4933487073e-01
1.0512605040e+00
2.6631864744e+00
-2.6918295290e-01
1.2684443998e+01
-4.1307531471e+01
-1.8862035946e+01
2.5586213476e+01
CMTX
18
5:6:7:8:9
BARREL
RPHI
FLOATPT
2.0000000000e+00 3.0000000000e+00
-inf inf
-1
2
10
2.0186414414e+00
4.6930753096e-03
-2.4961474685e+00
-5.9340238307e-03
-3.3051806907e+00
-7.8186200140e-03
-1.9252718822e+00
-4.5008569290e-03
5.7078855593e+00
1.3812286076e-02
-1.4235290575e+00
-3.3317026408e-03
1.7138778104e+00
4.0495352102e-03
1.7626596315e+00
4.1824712273e-03
1.0388107101e+00
2.4376368588e-03
-2.0918522686e+00
-5.0672947789e-03
QVEC
18
5:6:7:8:9
BARREL
RPHI
FLOATPT
2.0000000000e+00 3.0000000000e+00
-inf inf
-1
1
2
-4.3406941880e-01
8.4081301733e-03
AMTX
18
5:6:7:8:9
BARREL
RPHI
FLOATPT
2.0000000000e+00 3.0000000000e+00
-inf inf
-1
8
10
3.8007743440e+02
8.8169516102e-01
-1.6292331737e+03
-3.8378279254e+00
2.4134089914e+03
5.7357870082e+00
-1.4997547342e+03
-3.5668779517e+00
3.3545196953e+02
8.2018872532e-01
-6.1477941674e+02
-1.4614838597e+00
1.7181281359e+03
4.0742461212e+00
-2.0725214631e+02
-4.9098367813e-01
-2.0889624817e+03
-5.0180280455e+00
1.1928606521e+03
2.8631247119e+00
-6.4269300019e+02
-1.5090587361e+00
3.5381272357e+02
8.4195392733e-01
5.1640935864e+02
1.2240091197e+00
1.9031524131e+02
4.4254388318e-01
-4.1783722391e+02
-1.0153313894e+00
4.0015834424e+01
9.6493151535e-02
2.3094102725e+01
7.1271470639e-02
3.4741245640e+00
1.2195789212e-02
-1.9806749958e+01
-3.5764514531e-02
-4.6722382038e+01
-9.9827940318e-02
-4.3284588434e-03
-9.1240482553e-01
-5.7588627173e-03
-2.9675248074e-01
-6.4526078983e-03
-6.3402233001e-03
-7.8051093181e-03
5.5955376016e-01
-6.5969788426e-03
4.9287762847e-02
-4.5451235359e-02
1.9535292227e-01
-4.3593812814e-02
-6.0854416376e-01
-4.6837323984e-02
7.3931398883e-01
-4.5206362461e-02
2.4653241746e-02
-4.4587112481e-02
-2.6072248341e-01
8.1216663891e-02
1.6027291324e-01
8.2361562494e-02
-3.0179269933e-01
8.1590195786e-02
4.3528118129e-02
8.1675957587e-02
2.8739501350e-02
7.9690334651e-02
8.8026425563e-01
6.0017611710e-02
4.6024217259e-01
6.1223357694e-02
-3.1535035521e-02
6.1665852308e-02
-2.0225555733e-01
5.9443226138e-02
7.4688673371e-01
6.1620965740e-02
-1.3706865112e-01
KVEC
18
5:6:7:8:9
BARREL
RPHI
FLOATPT
2.0000000000e+00 3.0000000000e+00
-inf inf
-1
1
8
2.4818611007e+00
-1.9529657939e+00
-1.8754780836e+00
2.7082708186e+00
1.0888260691e+01
-1.6152059842e+00
7.5822388191e+01
3.8623574950e+01
