56
CMTX
29
5:6:7:8:9:10
BARREL
RPHI
FLOATPT
2.0000000000e+00 3.0000000000e+00
-inf inf
1
2
12
1.3492000680e+00
-3.1938744269e-03
-1.1395467863e+00
2.5983514876e-03
-1.7221124054e+00
4.0939923696e-03
-2.4039605403e+00
5.6733890026e-03
-1.9952507573e-02
5.0997056467e-05
3.9364718590e+00
-9.6048107403e-03
-1.1858776249e+00
2.8107093490e-03
1.2477810872e+00
-2.9111131628e-03
1.1505439247e+00
-2.7444038280e-03
1.1963571359e+00
-2.8251070547e-03
5.6970172041e-02
-1.3301217556e-04
-1.4658727307e+00
3.5682202120e-03
QVEC
29
5:6:7:8:9:10
BARREL
RPHI
FLOATPT
2.0000000000e+00 3.0000000000e+00
-inf inf
1
1
2
4.3799819882e-01
-8.5878883805e-03
AMTX
29
5:6:7:8:9:10
BARREL
RPHI
FLOATPT
2.0000000000e+00 3.0000000000e+00
-inf inf
1
10
12
3.6744520955e+02
-8.6403560391e-01
-1.6396298946e+03
3.8693800562e+00
2.4906967121e+03
-5.9325215819e+00
-1.4061268937e+03
3.3504168010e+00
1.2839492120e+01
-3.8337917343e-02
1.7473477930e+02
-3.9226120567e-01
-1.6606376788e+02
4.1823821336e-01
6.9608090728e+02
-1.6328445874e+00
-3.6382468853e+02
8.6066541670e-01
-1.6059899444e+03
3.8552085579e+00
2.4786825448e+03
-5.9931460462e+00
-1.0389441697e+03
2.5528920744e+00
-7.2221259621e+02
1.7092730315e+00
1.6414713930e+03
-3.9385452449e+00
3.1016585927e+02
-7.3187147019e-01
-1.4234128420e+03
3.4332910091e+00
-9.1939012729e+02
2.2453047498e+00
1.1134323167e+03
-2.7328918812e+00
5.5272833577e+02
-1.3095329769e+00
-1.7318628147e+02
4.0474953085e-01
-3.8413411595e+02
9.1373279035e-01
-2.9400856321e+02
6.9446510517e-01
-2.5402520410e+01
5.7475449310e-02
3.2400928997e+02
-7.9172829438e-01
-2.6741010631e+01
6.4641953655e-02
-1.8135188130e+01
5.7161857069e-02
-8.0818923599e+00
2.2285749585e-02
3.8902812995e+00
2.2166716461e-03
1.7739710842e+01
-2.9735379783e-02
3.1263368199e+01
-5.9239185366e-02
-1.9700214867e-03
8.6809270127e-01
-3.0807389367e-03
3.8653239774e-01
-4.0991394706e-03
-5.1340647601e-02
-5.1960522376e-03
-5.1746006950e-01
-4.0712130639e-03
-5.7084853267e-02
-4.6361838006e-03
-3.0526525698e-01
-2.0058857545e-02
-3.2551419690e-01
-1.7861830695e-02
6.1282506494e-01
-2.0966477277e-02
-6.8255622536e-01
-1.9157247109e-02
9.6598289527e-02
-1.8959291746e-02
1.9254614308e-01
-2.0023138900e-02
-2.3318754285e-01
4.0962167559e-02
-1.5869135550e-01
4.1722823256e-02
1.3815330860e-01
4.1982371524e-02
2.1505257483e-01
4.2061271740e-02
2.1728891726e-01
3.9951689147e-02
-6.9952607160e-01
4.0381921329e-02
-5.5314109612e-01
-1.7272164944e-02
7.2741837009e-02
-1.7806501424e-02
-1.4309069966e-01
-1.6847109973e-02
2.5562865503e-01
-1.6782394946e-02
2.8322406667e-01
-1.6017347530e-02
5.9614275974e-01
-1.8956330959e-02
-6.0759060342e-01
-2.8673550660e-02
4.7823644818e-01
-2.9963116265e-02
-4.5186547695e-02
-3.0511021467e-02
-2.5744698104e-01
-2.8250888588e-02
7.0718009679e-01
-3.0312341777e-02
-1.2389929918e-01
-2.9642092852e-02
1.7270816968e-01
KVEC
29
5:6:7:8:9:10
BARREL
RPHI
FLOATPT
2.0000000000e+00 3.0000000000e+00
-inf inf
1
1
10
1.1219910880e+00
3.5093888023e+00
-8.2162547131e-01
-2.3907852231e+00
4.3927711528e+00
-4.2348316113e+01
-2.1414758560e+01
-9.4998806357e+01
1.6376741321e+01
5.2585158342e+01
CMTX
29
5:6:7:8:9:10
BARREL
RPHI
FLOATPT
2.0000000000e+00 3.0000000000e+00
-inf inf
-1
2
12
3.1636935166e+00
7.5709585979e-03
-6.9535501037e+00
-1.6462788065e-02
-4.6921333706e+00
-1.1100950695e-02
8.4831282931e+00
2.0318333848e-02
-1.0714952849e-03
-3.2278523256e-05
2.0142783034e-04
2.4221226967e-04
-1.8628533227e+00
-4.4350021437e-03
3.3915209848e+00
8.0137826275e-03
2.2535678959e+00
5.3316536887e-03
-2.7828054602e+00
-6.6682283792e-03
5.2829563485e-04
1.7174183728e-05
-4.5659903220e-05
-1.2445746043e-04
QVEC
29
5:6:7:8:9:10
BARREL
RPHI
FLOATPT
2.0000000000e+00 3.0000000000e+00
-inf inf
-1
1
2
-4.5017816667e-01
1.7323906213e-02
AMTX
29
5:6:7:8:9:10
BARREL
RPHI
FLOATPT
2.0000000000e+00 3.0000000000e+00
-inf inf
-1
10
12
-4.9843150854e+02
-1.1406876674e+00
1.9749514626e+03
4.6720316135e+00
-2.3542495562e+03
-5.5938056626e+00
8.7745886672e+02
2.0769830566e+00
9.6303022125e-02
-7.3479029972e-03
1.9007434977e-01
-6.4966735783e-02
-7.7548455532e+02
-1.8303506524e+00
7.7174940420e+02
1.8228466556e+00
5.9222509964e+02
1.4056507540e+00
-5.8857194954e+02
-1.4159352890e+00
1.3500589183e-01
8.8223564507e-03
-6.6862723447e-02
-2.8874378773e-02
6.7519147849e+01
1.5837150164e-01
2.6430000065e+01
6.1818218010e-02
-1.9782304277e+01
-3.1603693199e-02
-7.4210545235e+01
-1.7048911861e-01
1.7374213262e-01
2.4564007849e-02
-1.2311953872e-01
1.0874773143e-02
-1.1840248141e+00
7.3506622172e-03
-1.1809453394e+00
-4.5017153598e-03
-1.1761732152e+00
-2.5843567755e-04
-1.1707498377e+00
4.0017207386e-02
5.3225216766e+00
1.4508114609e-02
-7.2060426999e-01
-5.1768543375e-02
-4.6474171470e-01
1.7879136561e-02
-4.6535877989e-01
-1.0267596249e-01
-4.6670576939e-01
1.2412679730e-01
-4.6760737100e-01
-7.7911239825e-02
-1.5568852134e-01
-1.1450005997e-01
1.8867033230e+00
7.2779249156e-02
-5.3548688396e-02
-9.2363440380e-01
-5.6488457593e-02
3.1953860089e-01
-5.6002170677e-02
1.0194192597e-01
-5.6952420487e-02
4.9371080201e-01
-5.5615495014e-02
-1.4462227381e-01
-2.3295492033e-02
-1.3840858317e-01
-4.2922309947e-02
-5.0950889388e-02
-4.3007438583e-02
5.1695529538e-03
-4.4430730584e-02
6.1223877338e-01
-4.2161420591e-02
-3.2022957750e-01
-5.0620974788e-02
-5.9167324375e-01
-1.5064343740e-01
3.9401376708e-01
5.9326947748e-02
3.2136583848e-01
5.8690485748e-02
5.4772799537e-01
6.0019382369e-02
-4.1577739866e-02
5.9801010768e-02
5.5504695667e-04
6.0204189577e-02
-4.7474586872e-01
8.5535849152e-02
-5.4700430801e-01
1.2937343202e-01
2.3994528331e-01
1.3066548910e-01
-2.9866135204e-01
1.2998730965e-01
-1.4864789517e-02
1.2830430425e-01
6.8830402252e-01
1.2836305837e-01
-3.3914870147e-01
1.2016504966e-01
2.2734668165e-01
4.1015049181e-02
-7.3966886851e-02
3.9895147885e-02
3.9517080586e-01
4.2139737220e-02
-5.7199197431e-01
4.1061503339e-02
-1.3594307672e-01
5.2850445476e-02
-1.6217378060e-01
6.7280183434e-02
5.7050714002e-01
KVEC
29
5:6:7:8:9:10
BARREL
RPHI
FLOATPT
2.0000000000e+00 3.0000000000e+00
-inf inf
-1
1
10
-8.1881570310e+00
-3.4210691321e+00
4.4029912852e+00
-1.7835911433e+00
-4.4880711254e+00
2.1969071747e+00
-9.5378665182e-01
-7.6947756507e+01
3.3963546153e+01
2.0650722240e+01
CMTX
29
6:7:8:9:10
BARREL
RPHI
FLOATPT
2.0000000000e+00 3.0000000000e+00
-inf inf
1
2
10
1.5833434972e+00
-3.8856919493e-03
-2.4570775673e+00
5.8509670122e-03
-3.2421886639e+00
7.7235936876e-03
-3.5059536525e-01
8.7958801623e-04
4.4666701608e+00
-1.0925697075e-02
-1.1455079330e+00
2.7878222912e-03
1.7965193313e+00
-4.2887317852e-03
1.9332589233e+00
-4.6269862715e-03
3.4739298418e-01
-8.6077978604e-04
-1.9318072608e+00
4.7292124083e-03
QVEC
29
6:7:8:9:10
BARREL
RPHI
FLOATPT
2.0000000000e+00 3.0000000000e+00
-inf inf
1
1
2
4.3664241685e-01
-7.3640980812e-03
AMTX
29
6:7:8:9:10
BARREL
RPHI
FLOATPT
2.0000000000e+00 3.0000000000e+00
-inf inf
1
8
10
4.0819614813e+02
-9.5737070209e-01
-1.6088522051e+03
3.8353372264e+00
2.3267553077e+03
-5.5738692383e+00
-1.5193787621e+03
3.6744648202e+00
3.9333869011e+02
-9.9468892743e-01
7.8123147588e+02
-1.8126139590e+00
-1.8408827122e+03
4.3773259229e+00
1.8771473661e+02
-4.4161156046e-01
2.1228019389e+03
-5.1373988329e+00
-1.2509042510e+03
3.0524637488e+00
-1.0418741028e+03
2.4965786962e+00
5.5511667254e+02
-1.3244132089e+00
9.1412157943e+02
-2.1972626320e+00
3.3482907801e+02
-8.1902879460e-01
-7.6223183772e+02
1.8738574540e+00
-3.6324573388e+01
1.0006767932e-01
-2.0821515839e+01
5.2304021943e-02
-2.2867180753e+00
1.6671430233e-02
1.9186917731e+01
-3.3337493474e-02
4.0173185626e+01
-8.0835875476e-02
-1.5103434594e-02
7.3370831152e-01
-1.8155905261e-02
-5.5070904189e-01
-1.7513651241e-02
-2.7118998735e-01
-1.6690829630e-02
7.1963329947e-02
-1.7847238667e-02
-4.0603195408e-01
8.8439614450e-02
6.4281052343e-02
8.9461776347e-02
4.5020154668e-01
8.7836164121e-02
-2.7700124598e-01
8.7035085239e-02
-6.6579236154e-01
8.7684735140e-02
-4.4596278893e-01
1.0423159248e-02
-2.3883911142e-02
1.0705162228e-02
9.6645172751e-02
8.4652717586e-03
-8.4402608280e-01
1.0842759224e-02
1.4449387298e-01
1.1511025283e-02
4.1291338475e-01
1.8343146217e-02
1.4432106064e-01
1.7114391606e-02
-3.6425734039e-01
1.8256459380e-02
1.1817010657e-01
1.6398923761e-02
-6.4353213441e-01
1.9317810519e-02
5.5809922123e-01
KVEC
29
6:7:8:9:10
BARREL
RPHI
FLOATPT
2.0000000000e+00 3.0000000000e+00
-inf inf
1
1
8
-2.9425018574e+00
1.8328722074e+00
2.4608014160e+00
4.3044111380e+00
-5.7536291330e+01
-1.0171740283e+02
3.5408689611e+00
-2.2325390916e+00
CMTX
29
6:7:8:9:10
BARREL
RPHI
FLOATPT
2.0000000000e+00 3.0000000000e+00
-inf inf
-1
2
10
-1.1045871831e+00
-2.6207002875e-03
-7.3212850168e+00
-1.7351870543e-02
8.4262464697e+00
2.0141301658e-02
-5.4129111547e-04
-3.1209818345e-05
3.8093503816e-04
3.4310692495e-05
-5.3244254771e-02
-1.3671688931e-04
3.8030819449e+00
9.0162196399e-03
-2.7499596406e+00
-6.5622441349e-03
2.1414806951e-04
1.5936402091e-05
-1.5267619607e-04
-2.3431209441e-06
QVEC
29
6:7:8:9:10
BARREL
RPHI
FLOATPT
2.0000000000e+00 3.0000000000e+00
-inf inf
-1
1
2
-4.2205234296e-01
1.0436693371e-03
AMTX
29
6:7:8:9:10
BARREL
RPHI
FLOATPT
2.0000000000e+00 3.0000000000e+00
-inf inf
-1
8
10
1.2482487136e+03
2.9568480230e+00
-2.3009929284e+03
-5.4652482866e+00
1.0525597963e+03
2.5081887047e+00
8.8667561206e-03
-1.0850680641e-02
1.9003404097e-01
-3.9176954128e-02
-1.0709727002e+02
-2.5268135460e-01
-6.2501096657e+00
-2.9439602572e-02
1.1334507552e+02
2.6504143810e-01
-1.3595375734e-01
-2.5259250420e-02
1.2560630995e-01
-8.1638358408e-03
1.5946479854e+00
6.6024150798e-03
1.5912442114e+00
-2.8266341305e-03
1.5874665306e+00
-3.7826521889e-02
-5.3128573848e+00
-1.2776654018e-02
6.8291312287e-01
5.0253132035e-02
6.0248221760e-01
9.9730299441e-02
6.0397017740e-01
-1.2731858185e-01
6.0504492535e-01
7.9937493213e-02
2.9900729131e-01
1.1161861132e-01
-1.8840067261e+00
-7.3072724469e-02
-9.0020224945e-02
-1.9828079257e-01
-9.1704510416e-02
5.2726022694e-01
-8.9143062201e-02
-5.1466527123e-01
-9.9454148189e-02
-3.4061059341e-01
-2.1006635545e-01
4.9822720545e-01
4.1895357035e-02
5.2199685686e-01
4.2333136875e-02
3.1722971116e-01
4.2340926399e-02
2.8380903026e-01
4.0005575758e-02
-6.8644155575e-01
3.4513466557e-02
-2.5860985554e-01
-1.4330767039e-01
3.8759157532e-01
-1.4233796870e-01
-3.0616090506e-02
-1.4097685798e-01
-6.1908304423e-01
-1.4521325855e-01
1.7108711664e-01
-1.3398238244e-01
-4.9868780194e-01
9.9292811642e-02
3.3814295798e-01
1.0147579307e-01
-6.0847846275e-01
1.0066488295e-01
-2.9511540039e-01
1.1430231265e-01
-2.7235399265e-01
1.2885458734e-01
4.1923648270e-01
KVEC
29
6:7:8:9:10
BARREL
RPHI
FLOATPT
2.0000000000e+00 3.0000000000e+00
-inf inf
-1
1
8
-5.2658297687e+00
-4.0597901618e+00
1.8605666365e+00
4.2402343591e+00
9.2413735892e+00
-3.4930048302e+01
-6.7108984941e+01
-1.9031859259e+01
CMTX
29
5:7:8:9:10
BARREL
RPHI
FLOATPT
2.0000000000e+00 3.0000000000e+00
-inf inf
1
2
10
9.6406582556e-01
-2.2720160550e-03
-2.4590390869e+00
5.8350188177e-03
-2.6090706686e+00
6.1709548890e-03
2.8981423095e-02
-5.8802229915e-05
4.0751874509e+00
-9.9678366031e-03
-7.6351953227e-01
1.8049845158e-03
1.9513638726e+00
-4.6456563109e-03
1.4251746073e+00
-3.3850271739e-03
9.6464762865e-03
-2.8491197855e-05
-1.6227892685e+00
3.9713762434e-03
QVEC
29
5:7:8:9:10
BARREL
RPHI
FLOATPT
2.0000000000e+00 3.0000000000e+00
-inf inf
1
1
2
4.3660653500e-01
-7.9462690742e-03
AMTX
29
5:7:8:9:10
BARREL
RPHI
FLOATPT
2.0000000000e+00 3.0000000000e+00
-inf inf
1
8
10
3.5196306250e+01
-1.0794393039e-01
-8.1742103812e+02
1.9511767365e+00
2.1618556244e+03
-5.1798348649e+00
-2.1484708420e+03
5.1963923422e+00
7.6890713770e+02
-1.9066404546e+00
-2.6299947036e+02
6.2086337446e-01
1.8128979951e+03
-4.3181787615e+00
-1.2898096867e+03
3.0898960900e+00
-1.5354520278e+03
3.7242137731e+00
1.2754013366e+03
-3.1152625981e+00
4.9109530358e+02
-1.1628350084e+00
-4.6702986223e+02
1.1104308163e+00
-3.5143700302e+02
8.3379366743e-01
-3.7357351537e+01
8.8024154585e-02
3.6473841530e+02
-8.9371946562e-01
3.6296537504e+01
-8.6241177764e-02
1.3976870382e+01
-3.8215005054e-02
-3.2438619513e-01
-1.2116795649e-02
-1.6864745108e+01
2.7207136058e-02
-3.3013964942e+01
6.2284389293e-02
2.2758572349e-03
-9.3448785534e-01
4.0305423715e-03
-1.5621101776e-01
5.5944936816e-03
5.2019944776e-01
4.4888352948e-03
7.9154021014e-02
4.7646301380e-03
2.1619741986e-01
9.7518060219e-02
-1.1755396372e-01
9.9135571974e-02
5.0549501610e-01
9.8359711787e-02
1.4639939230e-01
9.6293260973e-02
-7.5237760963e-01
9.7643635885e-02
-2.2924089902e-01
3.3674746277e-02
9.3482379361e-04
3.3835939263e-02
9.1402956676e-02
3.2879269729e-02
-2.9645806209e-01
3.2962893980e-02
-2.3877979251e-01
3.5626607785e-02
8.6751617946e-01
5.6698699591e-02
-1.1648461949e-01
5.8684636923e-02
7.3957714439e-01
5.6696974019e-02
-8.1631593711e-02
5.8138079780e-02
5.2787037111e-01
5.6891745355e-02
2.8416081000e-02
KVEC
29
5:7:8:9:10
BARREL
RPHI
FLOATPT
2.0000000000e+00 3.0000000000e+00
-inf inf
1
1
8
-3.5201746186e+00
-4.7460674448e-01
-2.2875234958e+00
-4.2351488234e+00
3.6612921757e+01
-5.9362003735e+01
5.6383655681e+01
7.8406823332e+01
CMTX
29
5:7:8:9:10
BARREL
RPHI
FLOATPT
2.0000000000e+00 3.0000000000e+00
-inf inf
-1
2
10
7.1881846654e-01
1.9079345172e-03
-1.1176073877e+01
-2.6508719587e-02
1.0457480507e+01
2.4965491311e-02
-6.1860466089e-04
-4.3968036435e-05
6.9446777980e-04
8.8083876409e-06
-6.7036671389e-01
-1.6744157123e-03
5.4159789169e+00
1.2846156540e-02
-3.7457341671e+00
-8.9340370966e-03
3.0741064461e-04
2.2106895396e-05
-2.8875640594e-04
-1.1602016370e-05
QVEC
29
5:7:8:9:10
BARREL
RPHI
FLOATPT
2.0000000000e+00 3.0000000000e+00
-inf inf
-1
1
2
-4.2167589639e-01
3.0373209945e-03
AMTX
29
5:7:8:9:10
BARREL
RPHI
FLOATPT
2.0000000000e+00 3.0000000000e+00
-inf inf
-1
8
10
5.3991931989e+02
1.2876269594e+00
-1.4084270863e+03
-3.3451826253e+00
8.6848256989e+02
2.0767533909e+00
-8.9992303968e-02
-1.1064674637e-02
1.3334848742e-01
3.2569554830e-03
-8.3309899258e+01
-1.9541040972e-01
1.2028987182e+01
1.3418482234e-02
7.1299649404e+01
1.6321679272e-01
-1.5161298313e-01
-2.4496538915e-02
1.2324650319e-01
-1.1864390267e-02
-1.5968440321e+00
4.3211459875e-03
-1.5899767867e+00
2.4556143115e-03
-1.5851827350e+00
3.6697154058e-02
5.3128577606e+00
1.2694260135e-02
-6.8237029784e-01
-5.0485190054e-02
6.0035328344e-01
4.5182828987e-03
6.0255842461e-01
-1.2560702834e-01
6.0359503687e-01
7.6217828349e-02
2.9829079661e-01
1.1821873211e-01
-1.8778933279e+00
-6.5938848199e-02
-8.1516917083e-02
-9.5440152141e-01
-8.4071693542e-02
1.3191877548e-01
-8.4929530326e-02
4.9919931420e-01
-8.9605652097e-02
-8.3722842616e-02
-8.7724732947e-02
-8.4667111121e-02
-8.2717639046e-02
-5.0995806363e-02
-8.4215483657e-02
6.1108836391e-01
-8.1813239085e-02
-3.7383903481e-01
-9.2526732449e-02
-5.3022657037e-01
-1.9789366355e-01
3.9541755390e-01
-1.8850185138e-01
-2.3958932265e-01
-1.8879981950e-01
-7.1118375083e-02
-1.8782136924e-01
-4.4767923047e-01
-1.8978779030e-01
6.4968256646e-01
-1.9382555587e-01
2.6702073065e-01
1.1195496994e-01
-3.4282806415e-02
1.1266435595e-01
-3.0861925728e-01
1.1136625856e-01
2.4849477730e-01
1.2318768333e-01
-3.9724906308e-02
1.2676547278e-01
8.1691722414e-01
KVEC
29
5:7:8:9:10
BARREL
RPHI
FLOATPT
2.0000000000e+00 3.0000000000e+00
-inf inf
-1
1
8
8.6679935079e-02
-4.5360671884e+00
-1.7075731339e+00
1.9873677849e+00
3.4435317742e+00
1.0830426348e+00
4.8608827004e+01
8.3802353969e+01
CMTX
29
5:6:8:9:10
BARREL
RPHI
FLOATPT
2.0000000000e+00 3.0000000000e+00
-inf inf
1
2
10
1.4903654910e+00
-3.5263783361e-03
-2.1239047922e+00
4.9145560009e-03
-3.2536507438e+00
7.6991629688e-03
-3.1987649753e-01
7.7333168078e-04
4.2071501700e+00
-1.0246008020e-02
-1.2802424645e+00
3.0332688995e-03
1.9055336786e+00
-4.4601506344e-03
1.7640599897e+00
-4.1786630158e-03
2.5714545701e-01
-6.1548397993e-04
-1.6465829761e+00
3.9962379861e-03
QVEC
29
5:6:8:9:10
BARREL
RPHI
FLOATPT
2.0000000000e+00 3.0000000000e+00
-inf inf
1
1
2
4.3716499127e-01
-8.4098527231e-03
AMTX
29
5:6:8:9:10
BARREL
RPHI
FLOATPT
2.0000000000e+00 3.0000000000e+00
-inf inf
1
8
10
1.0788510570e+02
-2.8127593918e-01
-4.4512554231e+02
1.0413609765e+00
1.7887433322e+03
-4.2901624826e+00
-2.4572173369e+03
5.9426217292e+00
1.0057783687e+03
-2.4767478197e+00
-7.7037536637e+02
1.8229123308e+00
1.8452040619e+03
-4.4176116303e+00
-1.2720537798e+03
3.0730414858e+00
-8.6093522013e+02
2.1049945052e+00
1.0582168313e+03
-2.6017779153e+00
5.8323760162e+02
-1.3814382771e+00
-3.7963339545e+02
8.8988732152e-01
-4.9935308569e+02
1.1843985068e+00
-1.0506712067e+02
2.4974885891e-01
4.0081837151e+02
-9.7493466793e-01
-2.9314705734e+01
7.0675558797e-02
-2.0406713993e+01
6.2928196608e-02
2.3570711154e+00
5.9451248654e-03
1.6663954545e+01
-2.6945883685e-02
3.0632822809e+01
-5.7613672476e-02
-1.5702857729e-03
8.7758038694e-01
-2.7566434882e-03
3.6386288063e-01
-4.8223539290e-03
-5.2012104662e-01
-3.7077206909e-03
-6.4421597210e-02
-4.2488956543e-03
-3.0299502112e-01
4.4776743235e-02
-3.3976233328e-01
4.6772591194e-02
4.9053313540e-01
4.6180935748e-02
2.0533583879e-01
4.5086101933e-02
-2.7674322932e-01
4.4121680730e-02
-6.9119879766e-01
6.0164885245e-02
6.5485002421e-02
5.9747503031e-02
-1.3712991683e-01
6.0149182804e-02
-1.9070712216e-02
5.8084832524e-02
-9.0476338122e-01
6.0954757411e-02
2.4671579034e-01
-5.2953032061e-02
4.4210749733e-01
-5.4896006881e-02
-3.6856149109e-01
-5.2432393665e-02
6.6204739413e-01
-5.4083672610e-02
-2.3134211894e-02
-5.4747515417e-02
-2.9061516025e-01
KVEC
29
5:6:8:9:10
BARREL
RPHI
FLOATPT
2.0000000000e+00 3.0000000000e+00
-inf inf
1
1
8
-3.8766768259e+00
-1.1322256724e+00
-2.2421111918e+00
4.2914121444e+00
-4.0940615877e+01
-7.5701928794e+01
-5.8770394070e+01
9.3869233944e+00
CMTX
29
5:6:8:9:10
BARREL
RPHI
FLOATPT
2.0000000000e+00 3.0000000000e+00
-inf inf
-1
2
10
3.7310937694e+00
8.8445531639e-03
-1.0291670233e+01
-2.4359921515e-02
6.5622058493e+00
1.5761298315e-02
-1.1943872390e-03
-1.0205359036e-05
-1.9192388397e-04
3.4861004134e-04
-2.1353679983e+00
-5.0466918996e-03
4.9947747550e+00
1.1806668960e-02
-1.8602124974e+00
-4.4795458377e-03
5.8731955772e-04
6.5744736926e-06
1.4325867835e-04
-1.7555948132e-04
QVEC
29
5:6:8:9:10
BARREL
RPHI
FLOATPT
2.0000000000e+00 3.0000000000e+00
-inf inf
-1
1
2
-4.6179557187e-01
2.2904373675e-02
AMTX
29
5:6:8:9:10
BARREL
RPHI
FLOATPT
2.0000000000e+00 3.0000000000e+00
-inf inf
-1
8
10
8.7410794345e+02
2.0544362538e+00
-1.2301171279e+03
-2.9072520977e+00
3.5615264146e+02
8.6515893256e-01
-1.5105685631e-01
-6.4447206904e-03
1.7326196233e-02
4.3862424750e-02
6.3869346893e+01
1.4991908032e-01
2.0842847778e+01
4.8810801000e-02
-8.4765694255e+01
-1.9544439573e-01
1.8922128981e-01
2.6155199216e-02
-1.2760392315e-01
1.0418748636e-02
-1.5959575707e+00
4.8550340788e-03
-1.5925130730e+00
-7.1476590169e-03
-1.5813004088e+00
3.6619003933e-02
5.3119923855e+00
1.3331072461e-02
-6.8228168524e-01
-5.0509773235e-02
-5.9339045276e-01
1.4011661314e-02
-5.9410634779e-01
-9.8925157115e-02
-5.9654256272e-01
-8.0276974346e-02
-2.9101196448e-01
-9.7249139246e-02
1.8814612710e+00
6.8505860698e-02
7.3532981531e-02
9.2676351475e-01
7.6497030618e-02
-3.2315156798e-01
7.6969995172e-02
-4.9367932241e-01
7.6183927987e-02
1.0560429686e-01
3.8516194633e-02
1.5161116632e-01
-1.2701593704e-01
-3.1287025297e-01
-1.2650627031e-01
-4.8975493554e-01
-1.2723716567e-01
-1.0245459003e-01
-1.3079465014e-01
5.9367321216e-01
-1.5283423320e-01
4.1605911138e-01
5.2638624636e-02
1.9279794618e-01
5.3361339389e-02
-1.1694084189e-01
5.2132737557e-02
4.1800104768e-01
5.2355414609e-02
5.7717134543e-01
1.2017139270e-01
-6.0446418604e-01
-1.8083991959e-01
-9.4010731626e-02
-1.8197193883e-01
3.6657073273e-01
-1.7965504014e-01
-6.1856694385e-01
-1.8507449853e-01
2.2946282136e-01
-1.7976343161e-01
-4.0862941290e-01
KVEC
29
5:6:8:9:10
BARREL
RPHI
FLOATPT
2.0000000000e+00 3.0000000000e+00
-inf inf
-1
1
8
5.2753634553e+00
3.7366207465e+00
-2.0859803345e+00
-9.6930322962e+00
7.9475174503e-01
6.7155214453e+01
1.4029694171e+01
-5.3128539802e+01
CMTX
29
5:6:7:9:10
BARREL
RPHI
FLOATPT
2.0000000000e+00 3.0000000000e+00
-inf inf
1
2
10
1.5682186973e+00
-3.7448787331e-03
-1.5283256474e+00
3.5369492457e-03
-2.8968230046e+00
6.8912871151e-03
-9.8779478450e-01
2.3842181346e-03
3.8448501104e+00
-9.3986862794e-03
-1.2949263255e+00
3.0847635550e-03
1.4413898024e+00
-3.3786464154e-03
1.7350701710e+00
-4.1363279850e-03
5.3861183181e-01
-1.2941194912e-03
-1.4202563140e+00
3.4656242362e-03
QVEC
29
5:6:7:9:10
BARREL
RPHI
FLOATPT
2.0000000000e+00 3.0000000000e+00
-inf inf
1
1
2
4.3403932163e-01
-6.7254279268e-03
AMTX
29
5:6:7:9:10
BARREL
RPHI
FLOATPT
2.0000000000e+00 3.0000000000e+00
-inf inf
1
8
10
4.2680327618e+02
-1.0250215884e+00
-1.7985610456e+03
4.2403477924e+00
2.1439382027e+03
-5.1034051892e+00
-1.4984501201e+03
3.6162790852e+00
7.2627217947e+02
-1.7556117270e+00
6.2494606600e+02
-1.4691681171e+00
-1.5511824486e+03
3.7174188045e+00
3.6910124301e+02
-8.8774953515e-01
1.9114855970e+03
-4.6423573571e+00
-1.3544356622e+03
3.3376432779e+00
5.9943621714e+02
-1.4238482032e+00
-2.6471262025e+02
6.2459123731e-01
-5.1416018978e+02
1.2231510180e+00
-1.0790534390e+02
2.5556370851e-01
2.8734919205e+02
-7.0366980934e-01
-2.6154712655e+01
6.5191369566e-02
-1.7488382121e+01
5.6436638591e-02
-7.3613788905e+00
2.0694350520e-02
1.8656613451e+01
-3.2014974753e-02
3.2284426019e+01
-6.1949241962e-02
-1.1480547135e-02
8.6023316479e-01
-1.2444057129e-02
4.5833812058e-01
-1.3856366134e-02
-1.3565120501e-01
-1.3724876766e-02
-6.5371278999e-02
-1.4604409306e-02
-4.2653316400e-01
-3.2202255179e-02
-4.5341308945e-01
-2.9846565902e-02
5.5089952368e-01
-3.2801375914e-02
-6.7983871467e-01
-3.0714144446e-02
2.2888250235e-01
-3.1632582130e-02
-1.3646062668e-01
8.7056913152e-02
-3.2636955920e-01
8.8318352341e-02
1.7297988305e-01
8.8407762302e-02
1.7267138875e-01
8.6412501469e-02
-7.4433510105e-01
8.7280676894e-02
-4.2674239113e-01
3.7914146469e-03
1.8129157679e-01
3.6405395769e-03
1.2063577587e-01
2.5207722527e-03
-3.3464619807e-01
2.0000607852e-03
-5.1721435444e-01
4.8929087106e-03
6.8043585365e-01
KVEC
29
5:6:7:9:10
BARREL
RPHI
FLOATPT
2.0000000000e+00 3.0000000000e+00
-inf inf
1
1
8
1.4486230972e-02
4.0678569464e+00
-1.8732525694e+00
3.6487138918e+00
-2.2595429558e+01
-1.9278515336e+01
-1.0528218241e+02
1.8979836298e+01
CMTX
29
5:6:7:9:10
BARREL
RPHI
FLOATPT
2.0000000000e+00 3.0000000000e+00
-inf inf
-1
2
10
3.0547079204e+00
7.0995239083e-03
-1.6603161805e+01
-3.9309593334e-02
1.3550946964e+01
3.2249957715e-02
-1.0033300630e-03
6.8033157003e-05
-1.4097026797e-03
5.5793216752e-04
-1.8270455065e+00
-4.2807285960e-03
6.5568781379e+00
1.5508336292e-02
-3.7308469294e+00
-8.8891128881e-03
5.0672732666e-04
-1.5702673795e-05
4.8248578818e-04
-2.2818285693e-04
QVEC
29
5:6:7:9:10
BARREL
RPHI
FLOATPT
2.0000000000e+00 3.0000000000e+00
-inf inf
-1
1
2
-4.8330160235e-01
2.8008901768e-02
AMTX
29
5:6:7:9:10
BARREL
RPHI
FLOATPT
2.0000000000e+00 3.0000000000e+00
-inf inf
-1
8
10
9.1555197883e+02
2.1441575706e+00
-1.7443042544e+03
-4.1247699908e+00
8.2897977006e+02
1.9701897657e+00
-1.8599281523e-01
-4.8514542142e-03
-4.1238198114e-02
6.0555637966e-02
-1.2498868334e+02
-2.9586260872e-01
-4.1719362117e+00
-8.7891572774e-03
1.2926310692e+02
2.9087660740e-01
-2.1446657076e-01
-2.3276802515e-02
1.1178510993e-01
-1.1975759542e-02
-1.5971155340e+00
1.1729275841e-02
-1.5926987223e+00
-9.0833833154e-03
-1.5863061093e+00
2.9294940955e-03
5.3036531177e+00
1.2084374386e-02
-6.7495733629e-01
-4.8186075937e-02
5.9835892615e-01
9.0838776345e-03
5.9903739547e-01
9.6464140235e-02
6.0035729797e-01
-1.2601811109e-01
2.9911755950e-01
1.1128780947e-01
-1.8848201205e+00
-6.8275618682e-02
1.3321078208e-01
9.3301223384e-01
1.3621845903e-01
-3.4247276279e-01
1.3594309642e-01
-2.1935236340e-01
1.3997041965e-01
2.1068577332e-01
1.6292254165e-01
6.2076687930e-02
2.2729928734e-02
2.0738406971e-01
2.3564928851e-02
-1.2314862913e-01
2.1888711342e-02
5.9222691427e-01
1.5477367145e-02
-6.2613353120e-01
-7.3329605786e-02
4.3050103244e-01
9.9254639318e-02
2.4703100575e-01
9.8392050115e-02
5.6628383915e-01
9.9882373407e-02
-9.4904310069e-02
1.0367993699e-01
-4.8375890546e-01
1.3805657286e-01
-5.2596391681e-01
-1.1056418338e-01
1.3252946613e-01
-1.0969518841e-01
-2.3221105808e-01
-1.1154454926e-01
5.6877418291e-01
-1.2443121843e-01
2.1073757646e-01
-1.4004375876e-01
-6.0807829565e-01
KVEC
29
5:6:7:9:10
BARREL
RPHI
FLOATPT
2.0000000000e+00 3.0000000000e+00
-inf inf
-1
1
8
6.0291323383e+00
-4.0426030956e+00
-4.2643317933e+00
-4.8458919755e-01
2.1753822202e+01
2.1294639887e+01
-7.9580221372e+01
-2.2046213920e+01
CMTX
29
5:6:7:8:10
BARREL
RPHI
FLOATPT
2.0000000000e+00 3.0000000000e+00
-inf inf
1
2
10
1.3499528559e+00
-3.1954314521e-03
-1.1391232373e+00
2.5976180277e-03
-1.7253431649e+00
4.1017355507e-03
-2.4115352490e+00
5.6915171353e-03
3.9261481398e+00
-9.5794830094e-03
-1.1877448786e+00
2.8147016547e-03
1.2458935706e+00
-2.9073002956e-03
1.1599486372e+00
-2.7664385935e-03
1.2183694769e+00
-2.8778498305e-03
-1.4365628321e+00
3.4961560102e-03
QVEC
29
5:6:7:8:10
BARREL
RPHI
FLOATPT
2.0000000000e+00 3.0000000000e+00
-inf inf
1
1
2
4.3820706576e-01
-8.0802136686e-03
AMTX
29
5:6:7:8:10
BARREL
RPHI
FLOATPT
2.0000000000e+00 3.0000000000e+00
-inf inf
1
8
10
3.6761826101e+02
-8.6469319051e-01
-1.6415839376e+03
3.8738306541e+00
2.4926362834e+03
-5.9373980840e+00
-1.3994211106e+03
3.3343641985e+00
1.8070964092e+02
-4.0684912094e-01
7.3348797012e+02
-1.7450874305e+00
-1.7786655738e+03
4.2546762964e+00
-1.6637927239e+02
3.9104833623e-01
1.8945795657e+03
-4.5631718430e+00
-6.8305447663e+02
1.6757930084e+00
-5.5463876698e+02
1.3139092405e+00
1.7483603558e+02
-4.0897953925e-01
3.8853320179e+02
-9.2396256590e-01
3.0123461298e+02
-7.1174209970e-01
-3.0997016325e+02
7.5720781785e-01
-2.7483924891e+01
6.6417775656e-02
-1.7285464704e+01
5.5037879326e-02
-5.3713333930e+00
1.6550597933e-02
8.8180693990e+00
-9.6423420636e-03
4.1264898085e+01
-8.3973093535e-02
6.3942492487e-03
-8.6724602217e-01
7.5016570494e-03
-3.8932906541e-01
8.5562087829e-03
6.1673898064e-02
9.6360681629e-03
5.1812521017e-01
9.0860704391e-03
3.0410628825e-01
-2.0965983829e-02
-3.5104661653e-01
-1.8661297767e-02
6.2735421203e-01
-2.1753742398e-02
-6.6786895178e-01
-1.9917376783e-02
1.1690472674e-01
-2.0859947959e-02
-2.5890985532e-01
-3.6858259254e-02
6.2613185633e-02
-3.6990792312e-02
1.6855020249e-02
-3.8002241139e-02
-3.8178335407e-01
-3.7888319456e-02
-3.1216061495e-01
-3.5279896460e-02
8.1442418396e-01
-8.4783549620e-02
4.8143848958e-01
-8.6225911977e-02
-1.0199832751e-01
-8.6632402471e-02
-2.5046821501e-01
-8.4399726110e-02
7.0746992440e-01
-8.5999888601e-02
9.9402552311e-02
KVEC
29
5:6:7:8:10
BARREL
RPHI
FLOATPT
2.0000000000e+00 3.0000000000e+00
-inf inf
1
1
8
1.7419627049e+00
1.3889417080e+00
2.0048400209e+00
3.2024429898e+00
3.7621773053e+01
-3.9199809087e+01
4.9491635872e+01
5.4560413388e+01
CMTX
29
5:6:7:8:10
BARREL
RPHI
FLOATPT
2.0000000000e+00 3.0000000000e+00
-inf inf
-1
2
10
3.1581345496e+00
7.5624655464e-03
-6.9427921611e+00
-1.6438712385e-02
-4.6973075991e+00
-1.1117105591e-02
8.4821908833e+00
2.0325823872e-02
4.4515139714e-05
2.3079656431e-04
-1.8601110631e+00
-4.4308508928e-03
3.3862274026e+00
8.0019971107e-03
2.2560888949e+00
5.3396654131e-03
-2.7823253321e+00
-6.6718901196e-03
3.1950301453e-05
-1.1880113677e-04
QVEC
29
5:6:7:8:10
BARREL
RPHI
FLOATPT
2.0000000000e+00 3.0000000000e+00
-inf inf
-1
1
2
-4.5213840117e-01
1.8392556091e-02
AMTX
29
5:6:7:8:10
BARREL
RPHI
FLOATPT
2.0000000000e+00 3.0000000000e+00
-inf inf
-1
8
10
4.9797357024e+02
1.1396934982e+00
-1.9742145282e+03
-4.6699246254e+00
2.3540456222e+03
5.5939362537e+00
-8.7761737792e+02
-2.0765794417e+00
-2.0222532403e-01
6.4177566053e-02
-7.7529189777e+02
-1.8306118832e+00
7.7164377311e+02
1.8229949029e+00
5.9186089594e+02
1.4057175953e+00
-5.8818053434e+02
-1.4162837040e+00
-4.6086639657e-02
-2.7371049482e-02
6.7494151338e+01
1.5696628008e-01
2.6449830220e+01
6.3004745825e-02
-1.9726833545e+01
-2.9017812490e-02
-7.4115558707e+01
-1.7203406631e-01
-9.3961740688e-02
1.3110822444e-02
-5.0451001457e-01
2.0696972191e-02
-5.0504798866e-01
-1.1023410010e-01
-5.0631826659e-01
1.1335720800e-01
-5.0716048669e-01
-7.7162623774e-02
1.8498408084e+00
6.8296391244e-02
-8.8644844105e-02
-9.3306297295e-01
-9.1545481474e-02
2.9814734461e-01
-9.1037888625e-02
7.7912828856e-02
-9.2019215757e-02
4.9054467489e-01
-4.9954400746e-02
-1.4810041591e-01
-1.6966420811e-01
-2.3250093690e-01
-1.6954495906e-01
-2.4093836301e-01
-1.7135559791e-01
5.5197733152e-01
-1.6899688427e-01
-3.8560386151e-01
-2.6589741011e-01
4.9930695229e-01
-1.2777087615e-01
7.3264338259e-02
-1.2883956358e-01
5.0145624289e-01
-1.2815725687e-01
2.0816102582e-01
-1.2656641178e-01
-4.7466885626e-01
-1.2262308224e-01
-5.5989092939e-01
9.4514527067e-03
1.8532693400e-01
1.0867277707e-02
-4.0610126894e-01
8.5867369054e-03
5.7439323159e-01
9.0905870351e-03
3.7726999424e-01
-1.8721162150e-02
-4.5033649453e-01
KVEC
29
5:6:7:8:10
BARREL
RPHI
FLOATPT
2.0000000000e+00 3.0000000000e+00
-inf inf
-1
1
8
7.5340316943e+00
-4.0588470089e+00
2.5119676891e+00
4.5306326395e+00
1.1766488541e+01
4.3500629142e+01
-6.1315527657e+01
-3.9343445526e+00
CMTX
29
5:6:7:8:9
BARREL
RPHI
FLOATPT
2.0000000000e+00 3.0000000000e+00
-inf inf
1
2
10
1.9722128960e+00
-4.6238247475e-03
-2.3567557013e+00
5.6091294781e-03
-3.3839371321e+00
8.0307678020e-03
-1.9887281236e+00
4.6587580331e-03
5.7571235397e+00
-1.3954262609e-02
-1.4177380252e+00
3.3422715011e-03
1.7004990309e+00
-4.0318162397e-03
1.7701620849e+00
-4.2122986007e-03
1.0412201588e+00
-2.4458824622e-03
-2.0941727223e+00
5.0820684213e-03
QVEC
29
5:6:7:8:9
BARREL
RPHI
FLOATPT
2.0000000000e+00 3.0000000000e+00
-inf inf
1
1
2
4.3509927801e-01
-8.3927433659e-03
AMTX
29
5:6:7:8:9
BARREL
RPHI
FLOATPT
2.0000000000e+00 3.0000000000e+00
-inf inf
1
8
10
3.5597033419e+02
-8.3079396536e-01
-1.5628568391e+03
3.6947772769e+00
2.4062673789e+03
-5.7322328904e+00
-1.5812054502e+03
3.7698486201e+00
3.8177492398e+02
-9.3128397132e-01
6.2280971794e+02
-1.4917378831e+00
-1.7577433873e+03
4.1852609317e+00
2.8329118206e+02
-6.7512087878e-01
2.0252946782e+03
-4.8746783423e+00
-1.1736495619e+03
2.8220076780e+00
6.4209953205e+02
-1.5179821350e+00
-3.5354118450e+02
8.4389525662e-01
-5.1583948756e+02
1.2257054369e+00
-1.9021028163e+02
4.4338402797e-01
4.1748049200e+02
-1.0167470677e+00
-3.9874747973e+01
9.7088096196e-02
-2.3018912801e+01
7.1392702854e-02
-3.4624487575e+00
1.1537083734e-02
1.9746044789e+01
-3.5995198809e-02
4.6553656953e+01
-9.9929601203e-02
5.1464444014e-03
-9.0661508737e-01
6.5329768828e-03
-3.1584287279e-01
7.3678178641e-03
3.1777248081e-02
8.6282079807e-03
5.5639881322e-01
7.4323029414e-03
5.0400420921e-02
4.1831929628e-02
2.2425526371e-01
3.9887824104e-02
-6.1332680815e-01
4.3153546871e-02
7.3868113906e-01
4.1451606878e-02
-5.1380632741e-03
4.0935622074e-02
-2.4745538346e-01
-7.9464789522e-02
1.4548517079e-01
-8.0530760826e-02
-2.8160669342e-01
-7.9806753256e-02
4.2475647647e-02
-7.9960045240e-02
-8.2636811125e-04
-7.7875768675e-02
8.9002017349e-01
-5.8964461707e-02
4.6275384296e-01
-6.0191188854e-02
-3.3315139300e-02
-6.0581828834e-02
-1.8079722546e-01
-5.8381724805e-02
7.5858756380e-01
-6.0514822968e-02
-1.0353446200e-01
KVEC
29
5:6:7:8:9
BARREL
RPHI
FLOATPT
2.0000000000e+00 3.0000000000e+00
-inf inf
1
1
8
-2.2122498164e+00
-1.9134427359e+00
-2.0643035901e+00
2.6626766214e+00
1.2148371935e+01
-1.9827568153e+00
7.4977060341e+01
4.3467916827e+01
CMTX
29
5:6:7:8:9
BARREL
RPHI
FLOATPT
2.0000000000e+00 3.0000000000e+00
-inf inf
-1
2
10
3.1516094741e+00
7.5363482483e-03
-6.9280944808e+00
-1.6381957147e-02
-4.7073671143e+00
-1.1151038352e-02
8.4849420005e+00
2.0339944916e-02
-8.3877743086e-04
-1.9031814823e-05
-1.8558466750e+00
-4.4162053865e-03
3.3738023642e+00
7.9632488013e-03
2.2682383904e+00
5.3716888568e-03
-2.7867426491e+00
-6.6849758330e-03
4.6297466259e-04
1.2981108481e-05
QVEC
29
5:6:7:8:9
BARREL
RPHI
FLOATPT
2.0000000000e+00 3.0000000000e+00
-inf inf
-1
1
2
-4.2635966592e-01
4.7827413068e-03
AMTX
29
5:6:7:8:9
BARREL
RPHI
FLOATPT
2.0000000000e+00 3.0000000000e+00
-inf inf
-1
8
10
4.9542328088e+02
1.1353878318e+00
-1.9623192404e+03
-4.6449655371e+00
2.3373712197e+03
5.5582813778e+00
-8.7020055210e+02
-2.0613690705e+00
-2.6471387942e-01
-1.3100885225e-04
7.7477179550e+02
1.8273363599e+00
-7.7059056893e+02
-1.8161768143e+00
-5.9221095819e+02
-1.4087322362e+00
5.8810306330e+02
1.4180049404e+00
-6.6821657347e-02
-5.3115322716e-03
-6.7388636951e+01
-1.5955300935e-01
-2.6374329410e+01
-5.8067080264e-02
1.9720497961e+01
2.7531711984e-02
7.4078302411e+01
1.7280567323e-01
-5.8413181948e-02
-1.9231621425e-02
1.2480040477e+00
-1.8648350059e-02
1.2473819393e+00
3.5426420849e-02
1.2454235012e+00
-2.9916294858e-02
1.2440138813e+00
-1.8759403810e-02
-4.9456473089e+00
2.0704056195e-02
-7.4182256492e-02
-9.3820716504e-01
-7.7083654484e-02
2.9455868884e-01
-7.6747962779e-02
1.4153255595e-01
-7.7526091913e-02
4.6518069710e-01
-7.4659570206e-02
-1.6666638365e-01
1.4494766258e-01
-3.3518858911e-02
1.4490625567e-01
-8.9549441632e-03
1.4645522458e-01
-6.5665791961e-01
1.4383740901e-01
4.4854647216e-01
1.5075318621e-01
5.3374683641e-01
-1.8273451947e-01
-2.8251891476e-01
-1.8216459729e-01
-5.0791296131e-01
-1.8368415308e-01
1.5326151723e-01
-1.8271085794e-01
-2.2787594965e-01
-1.8437616274e-01
6.0458715999e-01
-8.6249766550e-02
-1.5069863873e-01
-8.8034314985e-02
5.8544555423e-01
-8.5845354725e-02
-3.5372121037e-01
-8.5357632573e-02
-5.7681992485e-01
-7.7273961125e-02
1.6563271261e-01
KVEC
29
5:6:7:8:9
BARREL
RPHI
FLOATPT
2.0000000000e+00 3.0000000000e+00
-inf inf
-1
1
8
5.2731009127e-01
8.0578531822e-01
-2.6500548899e+00
2.7968443252e-01
1.4151635538e+01
4.1990937341e+01
2.3053270436e+01
-2.4345491071e+01
