56
CMTX
20
5:6:7:8:9:10
BARREL
RPHI
FLOATPT
2.0000000000e+00 3.0000000000e+00
-inf inf
1
2
12
1.8616125940e+00
-4.3256336753e-03
-2.2897812656e+00
5.3586971378e-03
-2.4811566256e+00
5.9147111535e-03
-1.8860763519e+00
4.4675078582e-03
3.1143988016e+00
-7.5229788692e-03
1.6809287340e+00
-4.0299104780e-03
-1.4067267727e+00
3.3053153533e-03
1.7162291404e+00
-4.0361108299e-03
1.4671412115e+00
-3.4982795604e-03
9.4584017012e-01
-2.2381887561e-03
-1.1018759729e+00
2.6538349193e-03
-6.2060749943e-01
1.4550077087e-03
QVEC
20
5:6:7:8:9:10
BARREL
RPHI
FLOATPT
2.0000000000e+00 3.0000000000e+00
-inf inf
1
1
2
4.2214002222e-01
-7.9894195903e-01
AMTX
20
5:6:7:8:9:10
BARREL
RPHI
FLOATPT
2.0000000000e+00 3.0000000000e+00
-inf inf
1
10
12
-3.0401218006e+01
1.4554261885e-01
-3.6989783053e+02
8.8327785316e-01
1.8305522936e+03
-4.3449380910e+00
-2.4200165334e+03
5.7807842778e+00
1.0499002658e+03
-2.5418727540e+00
-6.0251213025e+01
1.7721535689e-01
-6.5783778716e+02
1.5748689993e+00
2.1320172071e+03
-5.0600890238e+00
-1.3824254606e+03
3.2945312116e+00
-9.3859867651e+02
2.2599664228e+00
9.7178549255e+02
-2.3686693444e+00
-1.2495738363e+02
2.2892498188e-01
4.7691554948e+02
-1.1272503225e+00
-7.2807781535e+02
1.7574334774e+00
-5.1449132722e+02
1.2248801941e+00
3.4670595333e+02
-8.3212534289e-01
1.3973419283e+03
-3.3751009270e+00
-9.7843508768e+02
2.4251743938e+00
5.2479232412e+02
-1.2323715025e+00
-1.4785063356e+02
3.3892301790e-01
-3.5894761274e+02
8.5698481186e-01
-2.9507792772e+02
6.9548998046e-01
-7.1217289883e+01
1.7572053671e-01
3.4829438771e+02
-8.4658717047e-01
2.6892459392e+01
-6.8891710908e-02
1.8109875328e+01
-6.5756873860e-02
8.1210652137e+00
-3.1553523085e-02
-3.8898456055e+00
1.2040243098e-04
-1.7767998158e+01
-3.9942303815e-04
-3.1391664669e+01
6.3751395607e-02
-3.9601624584e-02
9.3545382306e-01
-4.1900189031e-02
-4.4956170159e-02
-4.1354894775e-02
1.8487997597e-01
-4.3142600147e-02
-5.7897866463e-01
-4.2093075535e-02
-1.2736225169e-01
-4.1747520244e-02
1.1411048202e-02
-1.4242245568e-02
-1.1452607938e-01
-1.2339038950e-02
7.3770901306e-01
-1.2913733138e-02
5.6526114446e-01
-1.4676058041e-02
-9.8310295276e-02
-1.4122764025e-02
2.2064102165e-01
-1.4082561010e-02
3.1058686510e-01
-1.6226549402e-03
-7.3166363024e-02
-1.6687661570e-03
-1.0478510887e-01
-2.3760351328e-03
-3.8478682434e-01
-1.9885673628e-03
-2.1833786641e-01
-1.4479871870e-03
1.2003514441e-02
5.7878055751e-04
8.4419960082e-01
5.5404422638e-03
-8.5104374230e-02
5.9476176161e-03
3.8720417990e-02
6.5344691317e-03
2.2743065749e-01
6.4721761187e-03
1.3129997808e-01
4.1612622901e-03
-9.0385767782e-01
6.9002629866e-03
1.4796196939e-01
-1.1903621364e-01
4.0958252572e-01
-1.2018418268e-01
-3.8167988232e-02
-1.2006043666e-01
6.2496471311e-02
-1.1860673506e-01
7.1593154639e-01
-1.2020645531e-01
1.1436479181e-01
-1.2002432732e-01
2.4157652223e-01
KVEC
20
5:6:7:8:9:10
BARREL
RPHI
FLOATPT
2.0000000000e+00 3.0000000000e+00
-inf inf
1
1
10
3.7923892163e+00
-9.2915765521e+00
5.9309556201e+00
-1.1449603784e+00
-7.1245918359e+00
-2.0835619000e+01
9.8469970632e+01
5.2220983710e+01
-4.4138453863e+01
9.5504934846e+01
CMTX
20
5:6:7:8:9:10
BARREL
RPHI
FLOATPT
2.0000000000e+00 3.0000000000e+00
-inf inf
-1
2
12
1.3207478438e+00
3.0225987048e-03
-1.0489722541e+00
-2.5197740777e-03
-1.8096951168e+00
-4.3329226717e-03
-2.3849073084e+00
-5.6788057881e-03
-3.6281314348e-02
-8.4370142090e-05
3.9591018976e+00
9.6982687424e-03
-1.1950878694e+00
-2.7804808586e-03
1.1878672698e+00
2.8150621318e-03
1.2637893447e+00
3.0201716882e-03
1.1594026968e+00
2.7557995184e-03
7.3489117403e-02
1.7168438254e-04
-1.4894604758e+00
-3.6547442382e-03
QVEC
20
5:6:7:8:9:10
BARREL
RPHI
FLOATPT
2.0000000000e+00 3.0000000000e+00
-inf inf
-1
1
2
-4.3040394953e-01
-7.9265243864e-01
AMTX
20
5:6:7:8:9:10
BARREL
RPHI
FLOATPT
2.0000000000e+00 3.0000000000e+00
-inf inf
-1
10
12
1.3310256239e+02
2.9030896369e-01
-8.4657217349e+02
-1.9683774165e+00
2.0181961039e+03
4.7716077190e+00
-2.1497933998e+03
-5.1201417353e+00
1.0118489760e+03
2.4582730380e+00
-1.6671063078e+02
-3.8750229679e-01
2.7786575493e+02
6.2983816105e-01
-1.2634858726e+03
-2.9930172975e+00
1.4235943543e+03
3.3774808118e+00
7.3749461749e+02
1.7900677414e+00
-2.1977797118e+03
-5.3046429967e+00
1.0222863719e+03
2.5070477941e+00
-7.7556372786e+02
-1.8550399941e+00
1.8496804210e+03
4.3741983851e+00
6.3451004669e+01
1.5284223559e-01
-1.2830986675e+03
-3.0966249198e+00
-1.0123166885e+03
-2.4556592035e+00
1.1578435154e+03
2.8260398173e+00
-5.5717472760e+02
-1.3006332691e+00
1.7666552505e+02
4.2454128522e-01
3.8614064670e+02
9.1976913040e-01
2.9571677762e+02
7.0208438195e-01
2.5377584473e+01
5.7849612228e-02
-3.2670751374e+02
-7.9471097551e-01
-2.6881147379e+01
-5.7408866208e-02
-1.8217115855e+01
-5.5065983333e-02
-8.0391816687e+00
-2.2511618460e-02
3.8956250643e+00
-3.8459509471e-03
1.7779008098e+01
2.7241046412e-02
3.1398330650e+01
6.7585889564e-02
-1.6282981280e-03
-8.0379901942e-01
-2.6159266320e-03
-3.6749349573e-01
-3.7609582147e-03
1.2207025271e-01
-4.9195414887e-03
6.1676109573e-01
-3.3175657580e-03
-4.1723304267e-02
-2.4663647334e-03
-3.8762079943e-01
4.2077172973e-02
-4.4954919110e-01
3.9975875416e-02
4.7560406652e-01
4.2239151297e-02
-4.4983251945e-01
4.1294617313e-02
-3.0416255788e-04
4.0077419593e-02
5.4673751071e-01
4.0831467304e-02
2.7833019929e-01
-5.5339784544e-02
-3.8993155232e-01
-5.6785248907e-02
2.1756939563e-01
-5.7029661634e-02
3.1578264020e-01
-5.6009156322e-02
-1.1441050522e-01
-5.5040026505e-02
-5.1914622954e-01
-5.7724876169e-02
5.7832068594e-01
-2.3587116843e-02
-5.8466967374e-03
-2.3659957062e-02
3.9559435925e-02
-2.5279013167e-02
7.3929411594e-01
-2.3328823602e-02
-6.2697422806e-02
-2.4760250681e-02
5.5482958523e-01
-2.3484814945e-02
4.9117860503e-02
3.5350229157e-02
-2.7277257345e-01
3.3935441097e-02
3.1057137778e-01
3.4441414309e-02
8.9054462999e-02
3.5947790230e-02
-5.5553983156e-01
3.4931336325e-02
-1.4683459698e-01
3.5929689530e-02
-5.7059342493e-01
KVEC
20
5:6:7:8:9:10
BARREL
RPHI
FLOATPT
2.0000000000e+00 3.0000000000e+00
-inf inf
-1
1
10
4.5894449234e+00
2.6954939469e+00
-1.6800012306e+00
-7.0652781925e-01
-3.5335747681e+00
-2.8504256314e+01
6.2364532672e+01
2.3128540454e+01
8.8734371565e+01
-1.0294016956e+02
CMTX
20
6:7:8:9:10
BARREL
RPHI
FLOATPT
2.0000000000e+00 3.0000000000e+00
-inf inf
1
2
10
1.3171452429e+00
-3.2120507584e-03
-3.3252422156e+00
7.9224909543e-03
-3.2628417082e+00
7.8103463751e-03
3.1908563632e+00
-7.7342231473e-03
2.0800393946e+00
-5.1387760858e-03
-1.0090857695e+00
2.4411524457e-03
2.1014271902e+00
-5.0089156271e-03
1.9923855142e+00
-4.7726886422e-03
-1.1627562824e+00
2.8222287293e-03
-9.2198665367e-01
2.2927495733e-03
QVEC
20
6:7:8:9:10
BARREL
RPHI
FLOATPT
2.0000000000e+00 3.0000000000e+00
-inf inf
1
1
2
4.3886181427e-01
-8.1128663747e-01
AMTX
20
6:7:8:9:10
BARREL
RPHI
FLOATPT
2.0000000000e+00 3.0000000000e+00
-inf inf
1
8
10
4.5642001810e+02
-1.0915369676e+00
-1.8742263981e+03
4.4528054923e+00
2.3749840202e+03
-5.6850398949e+00
-1.0167745958e+03
2.4585211254e+00
5.9696468867e+01
-1.7972468058e-01
-9.5507700178e+02
2.2499923931e+00
1.3631998594e+03
-3.2476369261e+00
5.5533469263e+02
-1.3367918132e+00
-1.6066038874e+03
3.8945512830e+00
6.4318462579e+02
-1.5430401840e+00
-7.7175190244e+02
1.8579322946e+00
2.9179973460e+02
-6.9655262354e-01
6.6227547696e+02
-1.5825067159e+00
6.1577747014e+02
-1.4845270543e+00
-7.9811863802e+02
1.9832783984e+00
-3.6411298461e+01
1.0921444930e-01
-2.0975768298e+01
6.1932972622e-02
-2.3425088643e+00
1.5482635088e-02
1.9222003534e+01
-2.6859764425e-03
4.0426103234e+01
-8.4997220973e-02
2.4103925262e-02
-7.0471109736e-01
2.4536182638e-02
-5.8771298598e-01
2.6713203258e-02
2.5648909532e-01
2.5909907615e-02
-1.6238270024e-01
2.5696874937e-02
-3.1751300365e-01
-8.2413236224e-02
2.0519535446e-01
-8.2840883453e-02
8.5025664435e-02
-8.1599648429e-02
6.8008124651e-01
-8.2198138086e-02
5.1499403298e-01
-8.4523865836e-02
-3.5988272023e-01
4.5953904190e-02
6.3750642913e-02
4.7005956509e-02
4.4392733957e-01
4.6162776599e-02
3.1699569997e-02
4.4924292914e-02
-5.4973452411e-01
4.4851345285e-02
-6.3814388539e-01
-1.0378566748e-01
8.1720484371e-02
-1.0394401273e-01
1.9875721015e-02
-1.0261118528e-01
5.7163281022e-01
-1.0528898391e-01
-5.3980231649e-01
-1.0279467951e-01
4.7821333997e-01
KVEC
20
6:7:8:9:10
BARREL
RPHI
FLOATPT
2.0000000000e+00 3.0000000000e+00
-inf inf
1
1
8
-3.6021679724e+00
2.9990245627e+00
6.6118544097e+00
7.1263995336e+00
-8.5762984445e+01
6.4517989598e+01
-9.0309915644e+01
4.6195616031e+01
CMTX
20
6:7:8:9:10
BARREL
RPHI
FLOATPT
2.0000000000e+00 3.0000000000e+00
-inf inf
-1
2
10
1.5686288349e+00
3.6753264583e-03
-2.3409569402e+00
-5.5869628482e-03
-3.3610334104e+00
-8.0750235161e-03
-4.1738254260e-01
-1.0231390783e-03
4.5507379132e+00
1.1142316529e-02
-1.1802466960e+00
-2.7874765716e-03
1.7412240288e+00
4.1464334291e-03
2.0453822632e+00
4.9230151445e-03
4.2067825979e-01
1.0265269195e-03
-2.0270390260e+00
-4.9639705926e-03
QVEC
20
6:7:8:9:10
BARREL
RPHI
FLOATPT
2.0000000000e+00 3.0000000000e+00
-inf inf
-1
1
2
-4.2804260150e-01
-7.9563323136e-01
AMTX
20
6:7:8:9:10
BARREL
RPHI
FLOATPT
2.0000000000e+00 3.0000000000e+00
-inf inf
-1
8
10
3.9645027344e+02
9.0275806972e-01
-1.6535932866e+03
-3.9069928092e+00
2.3472118990e+03
5.6041304117e+00
-1.3959367815e+03
-3.3837518192e+00
3.0579361777e+02
7.2891952267e-01
7.0899417457e+02
1.6731555131e+00
-1.7287477326e+03
-4.0987711318e+00
1.2278089577e+02
2.8079003571e-01
2.1755562867e+03
5.2524833278e+00
-1.2785726481e+03
-3.1376831537e+00
1.0722250227e+03
2.5299685465e+00
-6.0402960433e+02
-1.4340541159e+00
-9.0219474229e+02
-2.1763070764e+00
-3.2968209132e+02
-8.0012708798e-01
7.6366512289e+02
1.8604507033e+00
3.6542227968e+01
9.8884625147e-02
2.0825033686e+01
5.2652584751e-02
2.3249951710e+00
1.7244641242e-02
-1.9229165803e+01
-3.0777498146e-02
-4.0390037947e+01
-8.9228330717e-02
2.9952391549e-02
6.0531569482e-01
3.2090985953e-02
-2.8111556847e-01
3.2840087386e-02
-5.6324135668e-01
3.0996142388e-02
2.2682417807e-01
3.0262051581e-02
5.5163683235e-01
1.0811507404e-01
2.4809028786e-02
1.0941675764e-01
-4.9652355031e-01
1.0768607309e-01
2.7063993863e-01
1.0673739166e-01
6.9994694236e-01
1.0932078658e-01
-3.2236754917e-01
-9.6251369965e-02
5.0696178387e-02
-9.7378230548e-02
5.4121100314e-01
-9.6861048248e-02
3.4398636072e-01
-9.7190545897e-02
5.0434604827e-01
-9.6867017520e-02
3.9144936388e-01
-5.3670999886e-02
-2.8593005830e-02
-5.2613044366e-02
-4.7827487641e-01
-5.5055754158e-02
5.5118892026e-01
-5.3040220174e-02
-2.8697344767e-01
-5.4910602020e-02
4.8367321060e-01
KVEC
20
6:7:8:9:10
BARREL
RPHI
FLOATPT
2.0000000000e+00 3.0000000000e+00
-inf inf
-1
1
8
-4.0734646629e+00
-3.4180462594e+00
-4.7800019214e-01
3.5773683180e+00
4.8362466351e+01
2.1808868228e+01
1.3918969072e+02
3.8930315742e+01
CMTX
20
5:7:8:9:10
BARREL
RPHI
FLOATPT
2.0000000000e+00 3.0000000000e+00
-inf inf
1
2
10
1.0673425482e+00
-2.4461547235e-03
-3.8808501562e+00
9.2578867929e-03
-2.4616616008e+00
5.8599714278e-03
3.4150066085e+00
-8.2652542367e-03
1.8601000686e+00
-4.5513086449e-03
-8.1142304069e-01
1.8957249309e-03
2.5159188964e+00
-6.0009587828e-03
1.3771493359e+00
-3.2818359791e-03
-1.3260918967e+00
3.2083265109e-03
-7.5556301210e-01
1.8483145246e-03
QVEC
20
5:7:8:9:10
BARREL
RPHI
FLOATPT
2.0000000000e+00 3.0000000000e+00
-inf inf
1
1
2
4.2916854681e-01
-8.0515912671e-01
AMTX
20
5:7:8:9:10
BARREL
RPHI
FLOATPT
2.0000000000e+00 3.0000000000e+00
-inf inf
1
8
10
-1.4723899802e+02
4.2420125482e-01
1.5843188607e+03
-3.7589358815e+00
-2.5464996107e+03
6.0860158328e+00
1.1752677646e+03
-2.8483666613e+00
-6.5962436787e+01
1.7733524106e-01
-2.5596317656e+02
6.0000532272e-01
1.0069420130e+03
-2.3946611364e+00
-1.1685511188e+02
2.7706365698e-01
-1.5890701708e+03
3.8456936265e+00
9.5498453901e+02
-2.3394652075e+00
4.6796485332e+02
-1.0981544645e+00
-4.2316271852e+02
1.0115619667e+00
-3.4079857269e+02
8.0575638137e-01
-8.7809427894e+01
2.1546110547e-01
3.8379943445e+02
-9.3846650387e-01
-3.6394326972e+01
9.2767941886e-02
-1.3988013238e+01
4.2819271215e-02
3.2974997905e-01
8.9315609425e-03
1.6869599763e+01
1.5235857702e-03
3.3105140321e+01
-6.9583810242e-02
6.1672868277e-02
-9.3355281763e-01
6.3418383721e-02
-2.0028946100e-01
6.5249295714e-02
5.7320906293e-01
6.4221341228e-02
1.1988891126e-01
6.3892147157e-02
-2.0905153579e-02
-5.7134669669e-03
-1.0461243195e-01
-5.9731143918e-03
-1.6693137439e-01
-6.2073284629e-03
-2.3476651039e-01
-5.2505385200e-03
1.9870857713e-01
-3.6298617150e-03
8.9179817898e-01
1.5016210516e-02
-8.8402996900e-02
1.5754010093e-02
1.0763860246e-01
1.5878244455e-02
8.4671680734e-02
1.3672355610e-02
-9.1313740876e-01
1.6663192721e-02
2.3599201194e-01
-1.3336526851e-01
2.7275124529e-01
-1.3591853056e-01
-7.9206404946e-01
-1.3340266854e-01
2.6475536916e-01
-1.3433298378e-01
-1.1310355518e-01
-1.3412366911e-01
-2.5399142123e-02
KVEC
20
5:7:8:9:10
BARREL
RPHI
FLOATPT
2.0000000000e+00 3.0000000000e+00
-inf inf
1
1
8
1.8754526184e+00
-1.1794265297e+00
-1.2486295086e+00
5.9675068827e+00
1.6490080087e+01
8.6772609860e+01
-4.6133571028e+01
-2.9157581581e+01
CMTX
20
5:7:8:9:10
BARREL
RPHI
FLOATPT
2.0000000000e+00 3.0000000000e+00
-inf inf
-1
2
10
9.5722375290e-01
2.1688896733e-03
-2.4115344937e+00
-5.7598753728e-03
-2.6493475875e+00
-6.3352210850e-03
-2.4689604382e-02
-6.0785165412e-05
4.1283353001e+00
1.0110244282e-02
-7.8374715988e-01
-1.8122837091e-03
1.9474910414e+00
4.6389505378e-03
1.4555128057e+00
3.4865477048e-03
6.2276192585e-02
1.5162418708e-04
-1.6815260405e+00
-4.1182644476e-03
QVEC
20
5:7:8:9:10
BARREL
RPHI
FLOATPT
2.0000000000e+00 3.0000000000e+00
-inf inf
-1
1
2
-4.3028746548e-01
-7.9438239264e-01
AMTX
20
5:7:8:9:10
BARREL
RPHI
FLOATPT
2.0000000000e+00 3.0000000000e+00
-inf inf
-1
8
10
7.5579364173e+01
1.9065155624e-01
-1.0981702830e+03
-2.5929523640e+00
2.3316483325e+03
5.5685023701e+00
-1.8520738453e+03
-4.4816654967e+00
5.4294200905e+02
1.3171760909e+00
-2.5420944781e+02
-6.4184885257e-01
1.7051873795e+03
4.0420804621e+00
-9.8724080699e+02
-2.3523718661e+00
-1.8561367294e+03
-4.4829603145e+00
1.3924034080e+03
3.4124945759e+00
-4.9470505771e+02
-1.1535383949e+00
4.7201729886e+02
1.1234475675e+00
3.5359986333e+02
8.4457989672e-01
3.7189904503e+01
8.7201628306e-02
-3.6808206796e+02
-8.9561107569e-01
-3.6490724239e+01
-7.9272749763e-02
-1.3948566079e+01
-3.6975256510e-02
3.1131822325e-01
-1.4084645638e-02
1.6895228134e+01
2.5457715238e-02
3.3162631695e+01
7.3173341693e-02
-5.8017067536e-05
-8.9858317823e-01
-2.2018765149e-03
5.6300710259e-02
-3.4087064918e-03
5.9263345124e-01
-2.0091673857e-03
3.5059459302e-02
-1.0902983927e-03
-3.1928752076e-01
1.2515587360e-01
-3.8732490538e-02
1.2661795679e-01
-5.9756547580e-01
1.2537169558e-01
-3.1949529027e-02
1.2361919915e-01
7.3148523579e-01
1.2543553616e-01
2.1214651605e-02
-3.0960656730e-02
-3.9146911835e-01
-3.1683054216e-02
-7.3684511297e-02
-3.1536702648e-02
-1.2250162316e-01
-3.1609040331e-02
-8.3674861198e-02
-3.3882194315e-02
8.5304438397e-01
-5.0822906125e-02
2.7859021159e-02
-5.2316795558e-02
6.8771563845e-01
-5.0658196378e-02
6.5581111098e-03
-5.2045816444e-02
6.0395735546e-01
-5.0835570667e-02
1.2276403011e-01
KVEC
20
5:7:8:9:10
BARREL
RPHI
FLOATPT
2.0000000000e+00 3.0000000000e+00
-inf inf
-1
1
8
-1.2859608007e+00
2.0249054185e+00
-6.9546801233e-01
-3.0592281618e+00
-8.4311412583e+00
3.4106012097e+01
6.3331716735e+01
1.0242016899e+02
CMTX
20
5:6:8:9:10
BARREL
RPHI
FLOATPT
2.0000000000e+00 3.0000000000e+00
-inf inf
1
2
10
2.0460258997e+00
-4.7167886949e-03
-3.6923875194e+00
8.6851852843e-03
-3.2916494688e+00
7.8170738088e-03
3.0636305010e+00
-7.3927259577e-03
1.8742357141e+00
-4.4403337347e-03
-1.5157756171e+00
3.5366709376e-03
2.5456201954e+00
-6.0030343869e-03
1.7769512591e+00
-4.2188056667e-03
-1.0718398964e+00
2.5767674643e-03
-7.3491382828e-01
1.6976992879e-03
QVEC
20
5:6:8:9:10
BARREL
RPHI
FLOATPT
2.0000000000e+00 3.0000000000e+00
-inf inf
1
1
2
4.1548201866e-01
-7.9504903532e-01
AMTX
20
5:6:8:9:10
BARREL
RPHI
FLOATPT
2.0000000000e+00 3.0000000000e+00
-inf inf
1
8
10
5.1449635334e+02
-1.2762979896e+00
-1.4333422296e+03
3.3990141827e+00
2.2117191371e+03
-5.2974783560e+00
-1.4575664810e+03
3.5410053714e+00
1.6477760451e+02
-3.6176215367e-01
-5.9484746482e+02
1.3973586335e+00
1.1275328120e+03
-2.7047262794e+00
-9.5358453912e+01
2.3499480462e-01
-1.3592342706e+03
3.2801921581e+00
9.2196281364e+02
-2.3038833392e+00
-5.3534926522e+02
1.2520532553e+00
3.1845980791e+02
-7.4176749704e-01
4.7653740196e+02
-1.1279263545e+00
1.7215082361e+02
-4.2110221990e-01
-4.3178484703e+02
1.0434199875e+00
-2.9479403252e+01
7.4422285544e-02
-2.0388851612e+01
6.9776118972e-02
2.3488872894e+00
4.0644793386e-03
1.6685682793e+01
3.1464339675e-03
3.0757226972e+01
-6.2059875145e-02
5.9899624235e-02
-9.4233839318e-01
6.2387888040e-02
1.2286563575e-01
6.3390988079e-02
5.6872093208e-01
6.2358204893e-02
1.3206239136e-01
6.2000916182e-02
-4.6666990542e-03
-4.3172053625e-02
-3.5300701788e-02
-4.1766038022e-02
6.0266558755e-01
-4.4173286262e-02
-2.5079163913e-01
-4.2856565425e-02
3.9011557620e-01
-4.2475242685e-02
6.2215344466e-01
1.6091231207e-02
-1.1856118677e-01
1.6331298818e-02
-6.8003171848e-02
1.6734778939e-02
-6.5473419131e-03
1.5050031766e-02
-7.7399480497e-01
1.8432034849e-02
5.4752923929e-01
2.3544483154e-01
-3.3990656322e-01
2.3615613782e-01
-8.4168640100e-02
2.3500098571e-01
-6.7466387454e-01
2.3680523575e-01
-3.0507371051e-04
2.3664148191e-01
-1.2817685176e-01
KVEC
20
5:6:8:9:10
BARREL
RPHI
FLOATPT
2.0000000000e+00 3.0000000000e+00
-inf inf
1
1
8
5.4105436880e+00
-7.7662061804e+00
5.3746487323e-01
6.5073505714e+00
3.3306542044e+01
1.0489759613e+02
-1.5034987939e+01
-6.9518043494e+01
CMTX
20
5:6:8:9:10
BARREL
RPHI
FLOATPT
2.0000000000e+00 3.0000000000e+00
-inf inf
-1
2
10
1.4363179040e+00
3.2709487549e-03
-2.0101586996e+00
-4.7773851322e-03
-3.3263395296e+00
-7.9073962613e-03
-3.6791169342e-01
-8.7838034752e-04
4.2681128205e+00
1.0467895574e-02
-1.2758202838e+00
-2.9540824385e-03
1.8591187827e+00
4.3913424238e-03
1.8169543128e+00
4.3124664410e-03
3.0492350355e-01
7.2551757673e-04
-1.7051959306e+00
-4.1921951328e-03
QVEC
20
5:6:8:9:10
BARREL
RPHI
FLOATPT
2.0000000000e+00 3.0000000000e+00
-inf inf
-1
1
2
-4.3614435741e-01
-7.8888392307e-01
AMTX
20
5:6:8:9:10
BARREL
RPHI
FLOATPT
2.0000000000e+00 3.0000000000e+00
-inf inf
-1
8
10
-1.4724870252e+02
-3.4024093724e-01
5.3988167064e+02
1.2996901708e+00
-1.8407606891e+03
-4.4113291600e+00
2.3806478377e+03
5.7548347076e+00
-9.3246031041e+02
-2.2746705947e+00
7.8324079992e+02
1.8721766419e+00
-1.8870536386e+03
-4.4621545350e+00
1.2513301384e+03
3.0215436714e+00
9.9603332475e+02
2.4165496496e+00
-1.1435458523e+03
-2.7906235497e+00
-5.8818753048e+02
-1.3684602347e+00
3.8563087345e+02
9.1530195640e-01
4.9923582428e+02
1.1839544603e+00
1.0489824585e+02
2.4826026724e-01
-4.0156445331e+02
-9.8077795598e-01
2.9432153564e+01
6.3480901111e-02
2.0470006015e+01
6.0489588788e-02
-2.3698186616e+00
7.3522107907e-03
-1.6703116053e+01
-2.4425300106e-02
-3.0762059095e+01
-6.6060647666e-02
4.9762033718e-03
-8.1573836359e-01
3.9226217272e-03
-3.5011011840e-01
1.6557112821e-03
6.2088914235e-01
3.2137223575e-03
-1.8791691599e-02
4.1157153181e-03
-3.8437772698e-01
2.2442863154e-02
-5.1125939232e-01
2.0040936727e-02
5.4082857109e-01
2.1718344014e-02
-8.1382866764e-02
2.0473717609e-02
4.8145446559e-01
2.0683853444e-02
4.3838242765e-01
-9.3244638263e-02
-2.5787400554e-01
-9.4060925660e-02
6.8489440708e-02
-9.3939810207e-02
-2.7546333760e-02
-9.2222927393e-02
-7.6603181076e-01
-9.5305223454e-02
4.7347580089e-01
8.7077620183e-02
-2.8918232509e-01
8.5743690524e-02
2.6207619432e-01
8.7685995484e-02
-5.6762370785e-01
8.6867500267e-02
-2.3730380412e-01
8.7548759682e-02
-5.2624312317e-01
KVEC
20
5:6:8:9:10
BARREL
RPHI
FLOATPT
2.0000000000e+00 3.0000000000e+00
-inf inf
-1
1
8
8.5384618093e-01
1.9280580283e+00
-1.7277857754e+00
3.3788641325e+00
-3.1657828967e+01
9.1887799450e+01
-2.2450529753e+01
-1.1344800886e+02
CMTX
20
5:6:7:9:10
BARREL
RPHI
FLOATPT
2.0000000000e+00 3.0000000000e+00
-inf inf
1
2
10
2.0513411354e+00
-4.8368437676e-03
-2.6451303061e+00
6.2018505107e-03
-3.3527292759e+00
7.9786475882e-03
2.3142224489e+00
-5.5806569026e-03
1.6322949694e+00
-3.9096212047e-03
-1.5018329549e+00
3.5620357617e-03
1.8943406347e+00
-4.4587007602e-03
1.9042837279e+00
-4.5333872141e-03
-7.0061335158e-01
1.6797989600e-03
-5.9621427194e-01
1.3947373855e-03
QVEC
20
5:6:7:9:10
BARREL
RPHI
FLOATPT
2.0000000000e+00 3.0000000000e+00
-inf inf
1
1
2
4.1910863275e-01
-7.9729079311e-01
AMTX
20
5:6:7:9:10
BARREL
RPHI
FLOATPT
2.0000000000e+00 3.0000000000e+00
-inf inf
1
8
10
6.0457851342e+02
-1.4242276129e+00
-2.1298610364e+03
5.0573150535e+00
1.9486782288e+03
-4.6381865218e+00
-4.9949366063e+02
1.2244131941e+00
7.6070008263e+01
-1.0376050973e-01
-4.1269818916e+02
9.6604897179e-01
6.2488944773e+02
-1.5131820052e+00
3.6874215135e+02
-8.7953873110e-01
-1.5742199141e+03
3.8044768595e+00
9.9334168357e+02
-2.4597890554e+00
-5.7408351918e+02
1.3591267115e+00
2.3864774538e+02
-5.5503386901e-01
4.9243261627e+02
-1.1729646852e+00
1.6033814889e+02
-3.9255291679e-01
-3.1733757473e+02
7.6927423253e-01
-2.6306292089e+01
6.9413731138e-02
-1.7462573436e+01
6.4267760137e-02
-7.4008005618e+00
3.0160967539e-02
1.8684181955e+01
-1.9284215451e-03
3.2413337096e+01
-6.6026300811e-02
-1.1283121033e-01
9.9004038256e-01
-1.1551472385e-01
-1.3662774572e-01
-1.1481942907e-01
1.6483417885e-01
-1.1573320449e-01
-1.9164300943e-01
-1.1548345637e-01
-7.8618181775e-02
5.3626208558e-02
-2.7908258712e-02
5.2094185027e-02
-7.2918043961e-01
5.2566506028e-02
-6.0541270600e-01
5.3988725846e-02
-1.8732292122e-01
5.3944576172e-02
-2.8593395097e-01
-4.2017910831e-02
1.2119997248e-03
-4.2129865094e-02
-6.7818920487e-02
-4.2513080649e-02
-2.2619071112e-01
-4.2788099062e-02
-3.6363475427e-01
-3.9786602155e-02
8.5101879946e-01
7.4557416257e-02
-1.8179612043e-01
7.5264274329e-02
6.4449242710e-02
7.6082516711e-02
3.3259109092e-01
7.3719214764e-02
-8.2521275376e-01
7.5348881391e-02
-2.4037718437e-01
KVEC
20
5:6:7:9:10
BARREL
RPHI
FLOATPT
2.0000000000e+00 3.0000000000e+00
-inf inf
1
1
8
1.1128994452e+01
-5.9147216179e+00
2.3413746707e-01
6.5690310448e+00
-6.1649278408e-03
-1.0437126458e+02
4.5451797421e+01
-8.3618992697e+01
CMTX
20
5:6:7:9:10
BARREL
RPHI
FLOATPT
2.0000000000e+00 3.0000000000e+00
-inf inf
-1
2
10
1.5786882921e+00
3.6602146127e-03
-1.5413974988e+00
-3.7067900917e-03
-2.9375386871e+00
-6.9974596657e-03
-8.9672754424e-01
-2.1681356968e-03
3.7969156417e+00
9.2938342761e-03
-1.3203095200e+00
-3.0909926165e-03
1.4267366383e+00
3.3903424742e-03
1.8124903731e+00
4.3165518297e-03
4.9176028294e-01
1.1846465803e-03
-1.4106520079e+00
-3.4586753015e-03
QVEC
20
5:6:7:9:10
BARREL
RPHI
FLOATPT
2.0000000000e+00 3.0000000000e+00
-inf inf
-1
1
2
-4.2693787171e-01
-7.9458752775e-01
AMTX
20
5:6:7:9:10
BARREL
RPHI
FLOATPT
2.0000000000e+00 3.0000000000e+00
-inf inf
-1
8
10
-3.2478285634e+02
-7.4102169098e-01
1.5202677677e+03
3.5849046749e+00
-2.0194361412e+03
-4.7850080207e+00
1.6991951984e+03
4.0956523365e+00
-8.7524755967e+02
-2.1570515446e+00
6.7417129051e+02
1.6123622490e+00
-1.7533454649e+03
-4.1267074347e+00
6.0333350980e+02
1.4214925714e+00
1.7554953082e+03
4.2549593251e+00
-1.2796114702e+03
-3.1138867371e+00
6.0363574468e+02
1.4144650964e+00
-2.6788393376e+02
-6.4253756033e-01
-5.1706728752e+02
-1.2291791775e+00
-1.0961748861e+02
-2.6173091994e-01
2.9090848323e+02
7.0663981431e-01
2.6293369249e+01
5.8644154808e-02
1.7568926722e+01
5.5008760925e-02
7.3172549924e+00
2.0674623299e-02
-1.8695989184e+01
-2.9551614342e-02
-3.2419335781e+01
-6.8836534869e-02
2.0802825691e-02
-8.9804028437e-01
1.9452809035e-02
-3.3064310615e-01
1.8242350114e-02
1.7531787304e-01
1.8815977266e-02
-8.7820324251e-02
1.9568654798e-02
-4.1539038324e-01
7.4236937263e-02
-4.2491393127e-01
7.2233734868e-02
4.6095149126e-01
7.4515530831e-02
-4.6955634867e-01
7.2285734519e-02
5.6257168451e-01
7.3153350872e-02
2.5169819978e-01
-1.0964869404e-01
-3.1565267277e-01
-1.1103693531e-01
2.6936873145e-01
-1.1107125964e-01
2.7820764924e-01
-1.0933992829e-01
-4.4757535102e-01
-1.1203509097e-01
6.5424718841e-01
5.1115819242e-02
-3.2853090286e-02
5.1088254602e-02
-3.5593234054e-02
5.2640824045e-02
-7.0592557816e-01
5.2294740390e-02
-5.9091353161e-01
5.0965947581e-02
-6.1619937295e-02
KVEC
20
5:6:7:9:10
BARREL
RPHI
FLOATPT
2.0000000000e+00 3.0000000000e+00
-inf inf
-1
1
8
-2.4679628748e+00
1.5603315151e+00
2.0655834717e-01
2.8616950834e+00
-7.5781226681e+01
6.0045748512e+01
4.6934245967e+01
-9.6528045302e+01
CMTX
20
5:6:7:8:10
BARREL
RPHI
FLOATPT
2.0000000000e+00 3.0000000000e+00
-inf inf
1
2
10
1.8944461186e+00
-4.4772668703e-03
-2.8148939805e+00
6.5668458725e-03
-2.3920563284e+00
5.6894914196e-03
4.0577447655e-01
-1.0172370592e-03
2.9068062366e+00
-7.0293932499e-03
-1.4182183986e+00
3.3583418522e-03
1.9016733851e+00
-4.4624318792e-03
1.4357548954e+00
-3.4189982474e-03
1.3510101896e-01
-2.9787933625e-04
-1.0543640428e+00
2.5163389246e-03
QVEC
20
5:6:7:8:10
BARREL
RPHI
FLOATPT
2.0000000000e+00 3.0000000000e+00
-inf inf
1
1
2
4.2662263748e-01
-8.0122595686e-01
AMTX
20
5:6:7:8:10
BARREL
RPHI
FLOATPT
2.0000000000e+00 3.0000000000e+00
-inf inf
1
8
10
3.1710763824e+02
-7.0477226393e-01
-1.5013932079e+03
3.5627624004e+00
2.3417420614e+03
-5.5669551796e+00
-1.3340306471e+03
3.1759676615e+00
1.7650261026e+02
-3.6581989943e-01
7.4130712313e+02
-1.7906480416e+00
-1.6852651580e+03
4.0180611731e+00
-1.6684688620e+02
3.9056624022e-01
1.7018304009e+03
-4.0790015154e+00
-5.9100218650e+02
1.5042875666e+00
-5.3451574461e+02
1.2543173173e+00
1.5497799673e+02
-3.5678393246e-01
3.7472527926e+02
-8.9470783868e-01
3.1523917813e+02
-7.4364541923e-01
-3.1041736028e+02
7.5334766658e-01
-2.7607418713e+01
7.1856115579e-02
-1.7220944541e+01
6.1540619343e-02
-5.4036890713e+00
2.5463797810e-02
8.8055742145e+00
-1.2504054854e-02
4.1359425600e+01
-8.8322884770e-02
-6.2538241593e-02
9.3760219852e-01
-6.4819015320e-02
-2.2085882495e-02
-6.4357358258e-02
1.8947518217e-01
-6.6197533689e-02
-5.7726258801e-01
-6.4898489525e-02
1.7162616465e-02
2.0738565676e-02
1.4990075874e-01
1.8715137182e-02
-7.3936391228e-01
1.9200580565e-02
-5.8707249922e-01
2.0870715389e-02
5.8163990111e-02
2.0219354378e-02
-3.2778667382e-01
-3.8140899558e-03
-7.3069695462e-02
-3.8575114803e-03
-1.0391449747e-01
-4.5599938507e-03
-3.8232914396e-01
-4.1642452715e-03
-2.1300791613e-01
-1.6002626949e-03
8.4684604444e-01
2.3153776315e-01
-3.3377894098e-01
2.3239588188e-01
-1.0203598808e-02
2.3255565147e-01
7.1722486635e-03
2.3103714590e-01
-6.7482076485e-01
2.3248743876e-01
-1.9162310478e-01
KVEC
20
5:6:7:8:10
BARREL
RPHI
FLOATPT
2.0000000000e+00 3.0000000000e+00
-inf inf
1
1
8
7.0266310883e+00
7.1547833830e+00
1.3039669521e+00
3.1913167270e+00
-7.7933684829e+00
-8.3871423983e+01
5.1955926961e+01
-7.3238315237e+01
CMTX
20
5:6:7:8:10
BARREL
RPHI
FLOATPT
2.0000000000e+00 3.0000000000e+00
-inf inf
-1
2
10
1.3222545912e+00
3.0264878086e-03
-1.0485650116e+00
-2.5187466167e-03
-1.8158404282e+00
-4.3474436650e-03
-2.3980022625e+00
-5.7101840105e-03
3.9401471863e+00
9.6519567359e-03
-1.1981507505e+00
-2.7883781370e-03
1.1870737975e+00
2.8130143180e-03
1.2762069479e+00
3.0495510214e-03
1.1859351062e+00
2.8193726718e-03
-1.4510657660e+00
-3.5609376234e-03
QVEC
20
5:6:7:8:10
BARREL
RPHI
FLOATPT
2.0000000000e+00 3.0000000000e+00
-inf inf
-1
1
2
-4.3010902673e-01
-7.9317986287e-01
AMTX
20
5:6:7:8:10
BARREL
RPHI
FLOATPT
2.0000000000e+00 3.0000000000e+00
-inf inf
-1
8
10
2.1614401336e+02
4.7727997804e-01
-1.2436494492e+03
-2.9131665894e+00
2.4244029211e+03
5.7375240254e+00
-1.6908725181e+03
-4.0144569007e+00
2.9402856180e+02
7.4015929338e-01
-7.9674194193e+02
-1.8970834514e+00
2.0458110482e+03
4.8449449782e+00
-1.7894923645e+02
-4.2514298890e-01
-1.7456629823e+03
-4.2072326810e+00
6.7555893853e+02
1.6473016211e+00
-5.5904360935e+02
-1.3052993622e+00
1.7825658140e+02
4.2831818001e-01
3.9053397148e+02
9.3008916652e-01
3.0300177645e+02
7.1951245225e-01
-3.1273053733e+02
-7.6056669488e-01
2.7620653273e+01
5.9479259980e-02
1.7360913322e+01
5.2372039433e-02
5.3078963748e+00
1.6909669186e-02
-8.8276321612e+00
-7.9224780437e-03
-4.1404022571e+01
-9.1994524879e-02
-9.2627316204e-04
-8.0748609405e-01
-1.9327451761e-03
-3.6129626578e-01
-3.0432010863e-03
1.1539040000e-01
-4.2150096104e-03
6.1808896099e-01
-1.7479120697e-03
-3.8707110587e-01
-2.0902852646e-02
5.7264321433e-01
-1.8349571182e-02
-5.2926154182e-01
-2.0496918475e-02
3.6077888061e-01
-1.9879665170e-02
6.5346068759e-02
-1.8655047184e-02
-4.8809509257e-01
1.3013654741e-01
1.2396310118e-01
1.3046973067e-01
-1.7421943680e-02
1.3228419597e-01
-7.8344762325e-01
1.3036212780e-01
2.6509770795e-02
1.3148843589e-01
-4.3758243522e-01
6.6731583553e-02
-2.7610311719e-01
6.5389623665e-02
2.8297499074e-01
6.5406892613e-02
2.7506761980e-01
6.7409421510e-02
-5.6915891137e-01
6.7279043971e-02
-5.1703168475e-01
KVEC
20
5:6:7:8:10
BARREL
RPHI
FLOATPT
2.0000000000e+00 3.0000000000e+00
-inf inf
-1
1
8
3.9792103105e+00
-1.0823469379e+00
-3.9996394833e-01
2.1629520085e+00
-2.4859820650e+01
-3.5638332761e+01
-8.2337257267e+01
-7.6648864209e+01
CMTX
20
5:6:7:8:9
BARREL
RPHI
FLOATPT
2.0000000000e+00 3.0000000000e+00
-inf inf
1
2
10
2.1607843839e+00
-5.0252478155e-03
-2.9030026768e+00
6.8588688298e-03
-3.1735846628e+00
7.5631880979e-03
-1.6133102173e+00
3.8213936802e-03
5.5289767567e+00
-1.3363994233e-02
-1.5149430160e+00
3.5579228018e-03
1.9358877971e+00
-4.5725075247e-03
1.7281163873e+00
-4.1195881587e-03
8.4534141695e-01
-2.0011017985e-03
-1.9943811181e+00
4.8129179788e-03
QVEC
20
5:6:7:8:9
BARREL
RPHI
FLOATPT
2.0000000000e+00 3.0000000000e+00
-inf inf
1
1
2
4.2664334670e-01
-8.0412673055e-01
AMTX
20
5:6:7:8:9
BARREL
RPHI
FLOATPT
2.0000000000e+00 3.0000000000e+00
-inf inf
1
8
10
-4.3082594838e+01
1.7561516367e-01
-3.5418280126e+02
8.4292115460e-01
1.8662052703e+03
-4.4298370795e+00
-2.4273046269e+03
5.7989142787e+00
9.5825460230e+02
-2.3201754584e+00
-6.9378203313e+02
1.6592894016e+00
2.1884637319e+03
-5.1942146688e+00
-1.3040736996e+03
3.1081212727e+00
-9.9291191878e+02
2.3875445782e+00
8.0228705900e+02
-1.9588816572e+00
-6.4147545373e+02
1.5074853018e+00
3.4992452054e+02
-8.2912208553e-01
5.2078031698e+02
-1.2426615681e+00
1.9374735156e+02
-4.5366532714e-01
-4.2295480603e+02
1.0171262095e+00
-4.0159092173e+01
9.9583722664e-02
-2.2942144497e+01
7.7460985320e-02
-3.4889906337e+00
2.0411520416e-02
1.9817654987e+01
-3.7665555766e-02
4.6708725999e+01
-6.9758964360e-02
-6.0255325452e-02
9.3809948743e-01
-6.2559143680e-02
-4.3594767987e-02
-6.2020900478e-02
1.8401539535e-01
-6.3786842842e-02
-5.7000358357e-01
-6.2757786660e-02
-1.2533730791e-01
1.9502818882e-02
9.6193339037e-02
1.7630190261e-02
-7.4605034065e-01
1.8060813861e-02
-6.2531860595e-01
1.9858854334e-02
5.6700888087e-02
1.9338578610e-02
-2.4337328693e-01
1.7119916838e-02
-7.7269413894e-02
1.7534780428e-02
5.1096811780e-02
1.8253550401e-02
2.9140200690e-01
1.8086973460e-02
1.5014111004e-01
1.5759726997e-02
-8.9419386383e-01
2.2327124352e-01
-3.5230789568e-01
2.2420551663e-01
1.2734756023e-04
2.2419462576e-01
-5.2022528868e-02
2.2275759142e-01
-7.0073347973e-01
2.2440767392e-01
-8.2451357892e-02
KVEC
20
5:6:7:8:9
BARREL
RPHI
FLOATPT
2.0000000000e+00 3.0000000000e+00
-inf inf
1
1
8
4.5304198708e-01
-1.3887593615e+00
6.1158671387e-01
5.8089333866e+00
-2.1261453036e+01
-7.3608218119e+01
-5.4032392831e+01
-6.4763162591e+01
CMTX
20
5:6:7:8:9
BARREL
RPHI
FLOATPT
2.0000000000e+00 3.0000000000e+00
-inf inf
-1
2
10
2.0349829528e+00
4.7938106226e-03
-2.5130210188e+00
-5.9633339258e-03
-3.4848629225e+00
-8.3131917980e-03
-1.6464269154e+00
-3.8982226732e-03
5.6094002020e+00
1.3567719844e-02
-1.4637522712e+00
-3.4462713821e-03
1.7384396184e+00
4.1106759332e-03
1.8943593934e+00
4.5182908143e-03
8.8137669856e-01
2.0848603681e-03
-2.0504532850e+00
-4.9642976367e-03
QVEC
20
5:6:7:8:9
BARREL
RPHI
FLOATPT
2.0000000000e+00 3.0000000000e+00
-inf inf
-1
1
2
-4.2773108181e-01
-7.9430724019e-01
AMTX
20
5:6:7:8:9
BARREL
RPHI
FLOATPT
2.0000000000e+00 3.0000000000e+00
-inf inf
-1
8
10
-1.5221019577e+02
-3.2994635741e-01
9.6606657366e+02
2.2540917363e+00
-2.1913668981e+03
-5.1831311488e+00
2.0600005409e+03
4.9007103527e+00
-6.8255864815e+02
-1.6629768445e+00
-6.9461895833e+02
-1.6382079494e+00
2.0874620018e+03
4.9437124877e+00
-8.5387977349e+02
-2.0259940972e+00
-1.5902586129e+03
-3.8400926507e+00
1.0513159250e+03
2.5308105729e+00
-6.4667867909e+02
-1.5194900151e+00
3.5814590767e+02
8.5233431638e-01
5.1765780693e+02
1.2326286549e+00
1.9455298032e+02
4.5894910761e-01
-4.2366332676e+02
-1.0278293688e+00
-4.0118505646e+01
-8.7090836730e-02
-2.3137216664e+01
-6.5480668608e-02
-3.3301873040e+00
-1.1781553012e-02
1.9820737142e+01
3.3143408120e-02
4.6710547383e+01
9.7403176222e-02
-1.4268283848e-02
-8.8121023514e-01
-1.5578437156e-02
-2.9916487734e-01
-1.6515223785e-02
1.1000400064e-01
-1.7668099326e-02
6.1686713068e-01
-1.6048672902e-02
-3.6031226639e-02
9.9777629296e-02
-2.8400460532e-01
9.8162608602e-02
4.3198086969e-01
1.0050618796e-01
-5.2835735863e-01
9.9487972272e-02
-5.1581329677e-02
9.7908680112e-02
6.4255890627e-01
3.1770536278e-02
4.4181525773e-01
3.4104873005e-02
-5.3397267040e-01
3.3203921410e-02
-1.4529654064e-01
3.1853682447e-02
4.2825367717e-01
3.1839628984e-02
4.4404255448e-01
4.7390290371e-02
3.6924799194e-02
4.7732224109e-02
-1.2033727081e-01
4.9155544568e-02
-7.3561374502e-01
4.7129341963e-02
1.0045471093e-01
4.8614009766e-02
-5.3663269703e-01
KVEC
20
5:6:7:8:9
BARREL
RPHI
FLOATPT
2.0000000000e+00 3.0000000000e+00
-inf inf
-1
1
8
-2.6720684687e+00
-1.9471555650e+00
-1.0551448134e+00
-2.6005686795e+00
1.3761341634e+01
3.5795542551e+01
5.2423028381e+01
-8.1154849970e+01
