56
CMTX
24
5:6:7:8:9:10
BARREL
RPHI
FLOATPT
2.0000000000e+00 3.0000000000e+00
-inf inf
1
2
12
1.8897323701e+00
-4.3981427563e-03
-2.3695821280e+00
5.6046227859e-03
-2.4470575181e+00
5.7990474334e-03
-2.1791814484e+00
5.1458946168e-03
3.7656115218e+00
-9.1201841788e-03
1.3403283090e+00
-3.1473974277e-03
-1.4156602463e+00
3.3200155465e-03
1.7394271662e+00
-4.1189764355e-03
1.4105482270e+00
-3.3379776289e-03
1.1520414971e+00
-2.7235014333e-03
-1.3953917908e+00
3.3858816085e-03
-4.9092012157e-01
1.1077837516e-03
QVEC
24
5:6:7:8:9:10
BARREL
RPHI
FLOATPT
2.0000000000e+00 3.0000000000e+00
-inf inf
1
1
2
4.1989728351e-01
1.6575578318e-03
AMTX
24
5:6:7:8:9:10
BARREL
RPHI
FLOATPT
2.0000000000e+00 3.0000000000e+00
-inf inf
1
10
12
-4.4028407709e+02
1.0215627703e+00
1.7846532392e+03
-4.2576975116e+00
-2.4477534426e+03
5.8479614198e+00
1.3661636412e+03
-3.2773407904e+00
-2.6935741455e+02
6.6707629944e-01
6.5384565515e+00
-7.6959151458e-02
5.4701439589e+02
-1.3216803032e+00
-1.5438036084e+03
3.6412196615e+00
1.1615284799e+02
-2.7038929028e-01
2.1313590878e+03
-5.1005637256e+00
-1.3653754105e+03
3.2882536118e+00
1.1464433878e+02
-2.2989235496e-01
4.7431246699e+02
-1.1461115642e+00
-6.4114186851e+02
1.5577632148e+00
-5.3107462473e+02
1.2616265459e+00
2.8956393306e+02
-6.9216196637e-01
1.2510251969e+03
-3.0350348146e+00
-8.4271618184e+02
2.1002205898e+00
-5.1078606849e+02
1.1920716588e+00
1.3673281369e+02
-3.0374881670e-01
3.4373469231e+02
-8.1904901258e-01
2.9371682756e+02
-6.9030690447e-01
9.8141269827e+01
-2.3908845758e-01
-3.6152022694e+02
8.7011036597e-01
-2.6870582134e+01
6.3385204028e-02
-1.8117893603e+01
3.6723830528e-02
-8.0783796091e+00
1.4743918252e-02
3.8780708780e+00
-3.4724160639e-03
1.7722623839e+01
-7.2540124425e-02
3.1393497269e+01
-6.0224764102e-02
-3.9128758401e-02
9.2227199082e-01
-4.2045739936e-02
-3.1741813671e-01
-4.0926128246e-02
1.4262647812e-01
-4.2546802664e-02
-5.4478585627e-01
-4.1109738602e-02
5.1850787599e-02
-4.1542014873e-02
-1.1418225041e-01
-6.0777767801e-02
-1.6784323949e-01
-6.1850574707e-02
-6.0030711738e-01
-5.8850071037e-02
6.7413788801e-01
-5.9823435278e-02
2.9018177880e-01
-6.1132616059e-02
-2.3662266443e-01
-6.1143561146e-02
-2.0554117379e-01
4.4425066346e-02
6.5752641331e-03
4.4149053219e-02
-1.3367270910e-01
4.4060152958e-02
-2.2904244735e-01
4.5259422726e-02
2.1414919894e-01
4.6171962736e-02
5.2137795826e-01
4.3239424139e-02
-7.4287021549e-01
-1.8487158544e-03
9.4928697200e-02
-1.8450193893e-03
1.2781904732e-01
-2.8938793973e-03
-2.8677101610e-01
-2.1974710166e-03
3.6093693701e-02
-4.2175977577e-03
-7.6155378232e-01
-3.5818363643e-03
-4.5882453311e-01
1.2489068339e-01
-4.5855365560e-01
1.2536739537e-01
-2.7324044172e-01
1.2594099407e-01
-5.4353958936e-02
1.2452082507e-01
-6.6795154630e-01
1.2608322375e-01
-4.5969582709e-02
1.2596252036e-01
-1.1780505650e-01
KVEC
24
5:6:7:8:9:10
BARREL
RPHI
FLOATPT
2.0000000000e+00 3.0000000000e+00
-inf inf
1
1
10
-5.8967409532e+00
4.3460938490e+00
4.9964605124e+00
7.2621308965e-01
-1.1684480691e+00
-2.8151079596e+01
-1.4556785811e+01
-3.5318068426e+01
-1.2214523084e+02
-8.4950382553e+01
CMTX
24
5:6:7:8:9:10
BARREL
RPHI
FLOATPT
2.0000000000e+00 3.0000000000e+00
-inf inf
-1
2
12
1.3792982335e+00
3.1369458803e-03
-1.1742061566e+00
-2.8466396335e-03
-1.7266447777e+00
-4.0980686896e-03
-2.4637761339e+00
-5.8241021386e-03
1.0379627004e-01
2.4131000560e-04
3.8815235038e+00
9.4932287412e-03
-1.2147266932e+00
-2.8147172529e-03
1.2138978989e+00
2.8821674032e-03
1.2693628239e+00
3.0144192491e-03
1.2108152689e+00
2.8573985115e-03
-7.0122066140e-02
-1.6381154239e-04
-1.4092493241e+00
-3.4534868784e-03
QVEC
24
5:6:7:8:9:10
BARREL
RPHI
FLOATPT
2.0000000000e+00 3.0000000000e+00
-inf inf
-1
1
2
-4.3075180433e-01
7.6443713546e-03
AMTX
24
5:6:7:8:9:10
BARREL
RPHI
FLOATPT
2.0000000000e+00 3.0000000000e+00
-inf inf
-1
10
12
-5.8787109485e+01
-1.3337832164e-01
2.3657004145e+02
5.2390141538e-01
-8.7237843657e+02
-2.0993883312e+00
2.0263622900e+03
4.8449481588e+00
-2.1747687282e+03
-5.2590710358e+00
8.4302164344e+02
2.0505197597e+00
-5.7757148080e+01
-1.4977510071e-01
-5.7810962550e+02
-1.3735495775e+00
2.0976074877e+03
4.9776244738e+00
-1.1101121544e+03
-2.6525170657e+00
-1.4941920629e+03
-3.5900154704e+00
1.1426067145e+03
2.8034189931e+00
8.1210251876e+02
1.9374740027e+00
-2.1809080935e+03
-5.1471400817e+00
6.3403415458e+02
1.5101124343e+00
1.1616569471e+03
2.8022384289e+00
2.9069346759e+02
7.1650903914e-01
-7.1759785469e+02
-1.7199583773e+00
5.5742501495e+02
1.2983602437e+00
-1.7432751802e+02
-4.1926786789e-01
-3.8749793729e+02
-9.1814794006e-01
-2.9609158480e+02
-6.9663236827e-01
-2.7386054087e+01
-6.8786087245e-02
3.2786294348e+02
7.9876929134e-01
2.6840748790e+01
6.2795860140e-02
1.8221400189e+01
5.1319138462e-02
8.1044361875e+00
3.2231297417e-03
-3.9114426641e+00
2.8498553140e-03
-1.7805506672e+01
-5.7852067318e-02
-3.1386660717e+01
-8.1284750331e-02
-3.4528387697e-02
-8.3195788105e-01
-3.5494725944e-02
-4.0469577308e-01
-3.5951915655e-02
-1.9358065275e-01
-3.7721454357e-02
5.5914891379e-01
-3.6411940603e-02
2.4303430578e-02
-3.5373484587e-02
-3.9633597894e-01
5.9090937971e-02
-3.7653736086e-01
5.7192795513e-02
4.3817826641e-01
5.6741175385e-02
6.3256623039e-01
5.7750324094e-02
2.1861602238e-01
5.9217832728e-02
-3.8715468041e-01
5.7613610235e-02
2.8720204946e-01
-1.1952247107e-01
-3.3704075021e-01
-1.2042927844e-01
4.7504166524e-02
-1.1913401665e-01
-4.9798565818e-01
-1.1959930653e-01
-3.0131647355e-01
-1.1954213273e-01
-3.2228595747e-01
-1.2160216848e-01
5.2257748800e-01
-1.5198022444e-02
2.0470390562e-01
-1.4238394117e-02
-1.9157119768e-01
-1.4634360641e-02
5.5072022250e-04
-1.4349805095e-02
-1.0240172613e-01
-1.2610037013e-02
-7.9707559072e-01
-1.3455628175e-02
-4.2004856527e-01
1.9239061402e-02
3.4684492225e-01
1.9643262972e-02
2.0694165784e-01
2.1064085287e-02
-3.6393819856e-01
1.8641190040e-02
6.8810892564e-01
2.0761256811e-02
-1.5106490035e-01
2.0040709114e-02
1.8908128427e-01
KVEC
24
5:6:7:8:9:10
BARREL
RPHI
FLOATPT
2.0000000000e+00 3.0000000000e+00
-inf inf
-1
1
10
-3.7036590574e+00
3.6501585280e+00
6.0102397991e+00
9.1696743782e-01
-1.7367234250e+00
-4.5480399189e+01
5.0591314753e+01
-2.4183941775e+01
-1.2492084278e+02
5.0901209333e+01
CMTX
24
6:7:8:9:10
BARREL
RPHI
FLOATPT
2.0000000000e+00 3.0000000000e+00
-inf inf
1
2
10
1.4953635839e+00
-3.5691794382e-03
-3.8290764180e+00
9.1010621842e-03
-3.2357849823e+00
7.6954472526e-03
3.9297211071e+00
-9.4857914084e-03
1.6396613807e+00
-4.0303406515e-03
-1.1559486294e+00
2.7553337907e-03
2.4445345385e+00
-5.8086748733e-03
1.9456390922e+00
-4.6339980124e-03
-1.5185667072e+00
3.6597757308e-03
-7.1563427277e-01
1.7712297525e-03
QVEC
24
6:7:8:9:10
BARREL
RPHI
FLOATPT
2.0000000000e+00 3.0000000000e+00
-inf inf
1
1
2
4.3402923928e-01
-8.7544747157e-03
AMTX
24
6:7:8:9:10
BARREL
RPHI
FLOATPT
2.0000000000e+00 3.0000000000e+00
-inf inf
1
8
10
6.1459228685e+02
-1.4898561684e+00
-2.0683557646e+03
4.9447918424e+00
2.2797113671e+03
-5.4688004809e+00
-8.4175369299e+02
2.0416589170e+00
1.5758481881e+01
-5.9607855706e-02
-1.0505941221e+03
2.4697891150e+00
1.2543505908e+03
-2.9870809070e+00
8.5166701808e+02
-2.0321514013e+00
-1.5337466607e+03
3.7008780337e+00
4.7835406596e+02
-1.1493606893e+00
-6.4615204657e+02
1.5679076531e+00
1.7265264453e+02
-4.1395808412e-01
5.8193887681e+02
-1.3865906168e+00
6.6554892575e+02
-1.6200913710e+00
-7.7399764726e+02
1.9172857871e+00
3.6410462762e+01
-7.9538740208e-02
2.0899692360e+01
-4.5696591494e-02
2.3543080963e+00
-1.1269114340e-02
-1.9150858522e+01
7.6212141684e-02
-4.0431823014e+01
8.1120957143e-02
1.0381548621e-01
6.5834866523e-01
1.0062142677e-01
-7.0046465900e-01
1.0218641906e-01
-7.4544178715e-02
1.0292825013e-01
2.0902568519e-01
1.0300688544e-01
1.9724223300e-01
1.1611700511e-01
-2.6735277610e-01
1.1647791887e-01
-1.8688819656e-01
1.1682520104e-01
-1.1460945596e-01
1.1861545188e-01
5.4047401206e-01
1.1579806300e-01
-6.9084290603e-01
-8.7663348917e-02
1.8956675495e-01
-8.8351100748e-02
-8.6415824141e-02
-8.6096621947e-02
8.7053640908e-01
-8.8376994244e-02
-6.1608735617e-02
-8.9036738073e-02
-3.1689157618e-01
5.5007853449e-02
1.8280540250e-02
5.4284852974e-02
-2.6922969537e-01
5.4357463204e-02
-2.1749400901e-01
5.2998717530e-02
-7.5314480534e-01
5.3682278300e-02
-4.4168709949e-01
KVEC
24
6:7:8:9:10
BARREL
RPHI
FLOATPT
2.0000000000e+00 3.0000000000e+00
-inf inf
1
1
8
-2.0232997305e+00
1.5792615418e+00
4.8591438397e+00
1.1065486267e+00
2.2960789288e+01
-5.3092432346e+01
2.2048594288e+01
-1.4190775403e+02
CMTX
24
6:7:8:9:10
BARREL
RPHI
FLOATPT
2.0000000000e+00 3.0000000000e+00
-inf inf
-1
2
10
1.4310934603e+00
3.3160288129e-03
-2.0517325040e+00
-4.8768818073e-03
-3.4784124493e+00
-8.3104162665e-03
-5.0780653024e-01
-1.2469439941e-03
4.6069027910e+00
1.1238731943e-02
-1.0814013134e+00
-2.5425090192e-03
1.5549837837e+00
3.6994825679e-03
2.1066479936e+00
5.0432983578e-03
4.6903526211e-01
1.1488709498e-03
-2.0493278039e+00
-4.9900580810e-03
QVEC
24
6:7:8:9:10
BARREL
RPHI
FLOATPT
2.0000000000e+00 3.0000000000e+00
-inf inf
-1
1
2
-4.2625495996e-01
2.4516562792e-03
AMTX
24
6:7:8:9:10
BARREL
RPHI
FLOATPT
2.0000000000e+00 3.0000000000e+00
-inf inf
-1
8
10
1.0363674208e+02
2.0967173848e-01
-8.6201146762e+02
-2.0744654724e+00
2.1061734573e+03
5.0386260329e+00
-2.1327612085e+03
-5.1570616976e+00
7.8497930325e+02
1.9101798920e+00
-7.1956030619e+02
-1.7066290736e+00
2.1235849677e+03
5.0395709506e+00
-1.0161097683e+03
-2.4281781848e+00
-1.4907772507e+03
-3.5807785991e+00
1.1029060447e+03
2.7093475132e+00
-1.0738044952e+03
-2.5292503046e+00
6.3730884865e+02
1.5151251020e+00
8.7753902330e+02
2.1069441443e+00
2.8836742611e+02
7.0646713556e-01
-7.2941710905e+02
-1.7633469741e+00
-3.6482473225e+01
-9.4703492941e-02
-2.0882369430e+01
-3.4082009989e-02
-2.2846820099e+00
-1.7341093432e-02
1.9252936728e+01
6.1229561235e-02
4.0324746320e+01
1.0312331850e-01
5.5551396210e-02
5.9030618854e-01
5.5732542814e-02
5.0277479847e-01
5.7791945065e-02
-3.6263753130e-01
5.7431192859e-02
-2.2077321797e-01
5.5498588613e-02
5.7309453928e-01
-1.8408739394e-01
-2.1171778137e-02
-1.8280661396e-01
-5.8680912301e-01
-1.8284377260e-01
-5.9931512546e-01
-1.8471652081e-01
1.4821809100e-01
-1.8518968813e-01
3.0498779606e-01
-8.9886120573e-02
-6.1161337414e-02
-8.9663071972e-02
-1.3307468719e-01
-8.9873943560e-02
-2.9888815134e-02
-8.7695517686e-02
-9.1037768251e-01
-8.9489424324e-02
-1.4592333461e-01
-1.9887873236e-02
1.9638639963e-01
-1.8501225732e-02
-3.7220184547e-01
-2.0850520686e-02
6.3795836210e-01
-1.9124598468e-02
-5.2946460512e-02
-2.0445606648e-02
5.1725854629e-01
KVEC
24
6:7:8:9:10
BARREL
RPHI
FLOATPT
2.0000000000e+00 3.0000000000e+00
-inf inf
-1
1
8
-3.5101448881e+00
4.3000334477e+00
2.0439901203e+00
1.7374023294e+00
6.3793345210e+01
-2.5596913370e+01
-1.0735128359e+02
8.2751239876e+01
CMTX
24
5:7:8:9:10
BARREL
RPHI
FLOATPT
2.0000000000e+00 3.0000000000e+00
-inf inf
1
2
10
1.0980707109e+00
-2.5200239101e-03
-4.0897276686e+00
9.7172256716e-03
-2.5754359661e+00
6.0899432154e-03
4.0994637562e+00
-9.9053841023e-03
1.4674678260e+00
-3.5410834583e-03
-8.3455117695e-01
1.9409669972e-03
2.6164922427e+00
-6.2151164846e-03
1.4425718636e+00
-3.4155062193e-03
-1.6400034146e+00
3.9611969300e-03
-5.8445552985e-01
1.3975876037e-03
QVEC
24
5:7:8:9:10
BARREL
RPHI
FLOATPT
2.0000000000e+00 3.0000000000e+00
-inf inf
1
1
2
4.2687176850e-01
-3.6376705370e-03
AMTX
24
5:7:8:9:10
BARREL
RPHI
FLOATPT
2.0000000000e+00 3.0000000000e+00
-inf inf
1
8
10
1.4121880842e+02
-3.7170923522e-01
-1.5615977438e+03
3.7316747098e+00
2.5084666897e+03
-6.0073481266e+00
-1.1420649169e+03
2.7618395322e+00
5.3943791434e+01
-1.3084444286e-01
2.8513839312e+02
-6.9160868734e-01
-9.6011312827e+02
2.2901691516e+00
5.8661661787e+01
-1.4249915397e-01
1.4380934464e+03
-3.4818863509e+00
-8.2181707880e+02
2.0251571712e+00
-4.5582020525e+02
1.0627069136e+00
3.9871318979e+02
-9.4741712114e-01
3.3560815485e+02
-7.9106965980e-01
1.1692171424e+02
-2.8589282757e-01
-3.9540402948e+02
9.5688312067e-01
3.6394594148e+01
-8.5705422148e-02
1.3948759281e+01
-2.8214149165e-02
-3.1231377641e-01
-5.4415222306e-03
-1.6823196192e+01
7.0262934383e-02
-3.3129827300e+01
6.4770382767e-02
4.9895835941e-02
-9.4723876874e-01
5.2074804772e-02
-7.9022981215e-03
5.3459571217e-02
5.8301143689e-01
5.1881203128e-02
-7.4281111349e-02
5.2198894240e-02
5.4218904123e-02
-1.8510880722e-01
8.3161251156e-02
-1.8402212282e-01
6.4075274156e-01
-1.8540314631e-01
1.3125081578e-01
-1.8722454378e-01
-5.4549060603e-01
-1.8541136009e-01
2.7516150493e-01
-8.6096747059e-02
1.7118854458e-01
-8.6028628048e-02
1.8241373051e-01
-8.5454725690e-02
4.0418709896e-01
-8.6196068035e-02
7.3980742094e-02
-8.8325228045e-02
-8.1384556407e-01
-7.8672434699e-02
4.6154463833e-02
-7.7782540817e-02
3.7478017820e-01
-7.8172121935e-02
1.8567864363e-01
-7.6673045903e-02
7.7432261902e-01
-7.7748006041e-02
2.9762551958e-01
KVEC
24
5:7:8:9:10
BARREL
RPHI
FLOATPT
2.0000000000e+00 3.0000000000e+00
-inf inf
1
1
8
6.5463756098e-01
1.6100680293e+00
4.7479256303e-01
9.7781930091e-01
1.7261343514e+01
2.4151867273e+01
-4.0606497955e+01
1.3306922379e+02
CMTX
24
5:7:8:9:10
BARREL
RPHI
FLOATPT
2.0000000000e+00 3.0000000000e+00
-inf inf
-1
2
10
9.5992681254e-01
2.1480840669e-03
-2.3456512136e+00
-5.5633533146e-03
-2.7771479970e+00
-6.5914174598e-03
4.7535917204e-02
9.3331564669e-05
4.1153338365e+00
1.0054978364e-02
-7.8131571100e-01
-1.7859663845e-03
1.9101664302e+00
4.5377533629e-03
1.5309748275e+00
3.6373934725e-03
-6.1152685117e-03
1.5249870283e-06
-1.6537384454e+00
-4.0338465195e-03
QVEC
24
5:7:8:9:10
BARREL
RPHI
FLOATPT
2.0000000000e+00 3.0000000000e+00
-inf inf
-1
1
2
-4.3075310462e-01
4.6844726802e-03
AMTX
24
5:7:8:9:10
BARREL
RPHI
FLOATPT
2.0000000000e+00 3.0000000000e+00
-inf inf
-1
8
10
1.0919009655e+01
3.5889191706e-02
-6.6462492485e+02
-1.6020152991e+00
2.0380690025e+03
4.8728952343e+00
-2.2372605167e+03
-5.4083812361e+00
8.5291862381e+02
2.0826556544e+00
-2.6656626757e+02
-6.4688314761e-01
1.8984363011e+03
4.5055993942e+00
-1.4616448730e+03
-3.5000588817e+00
-1.4202219882e+03
-3.4156971423e+00
1.2500427090e+03
3.0581011164e+00
-4.9534700423e+02
-1.1514687550e+00
4.7241717288e+02
1.1193392237e+00
3.5244362810e+02
8.3390541535e-01
3.8146488801e+01
9.6327132763e-02
-3.6764552978e+02
-8.9419864698e-01
-3.6449935153e+01
-8.4808434079e-02
-1.4030499921e+01
-1.6904422714e-02
3.2904121254e-01
-1.2381115442e-02
1.6929198656e+01
5.5321067143e-02
3.3153868770e+01
8.6255763426e-02
4.6711270681e-02
8.9998620204e-01
4.8538568374e-02
8.3552638022e-02
5.0118269729e-02
-5.9718014147e-01
4.8575081748e-02
3.1611273054e-02
4.7830822293e-02
3.2037836656e-01
1.8787142362e-01
-5.9536098123e-02
1.8589603738e-01
7.9379181779e-01
1.8739912748e-01
1.7436236242e-01
1.8868599054e-01
-3.4827065551e-01
1.8744661589e-01
1.7813675257e-01
1.3844885288e-01
3.0379402838e-01
1.3878401919e-01
1.7030405011e-01
1.3845260784e-01
3.1723562752e-01
1.3772230973e-01
6.2655864969e-01
1.4041457239e-01
-4.7302759305e-01
2.9615438881e-02
-2.8245924199e-01
2.8709686566e-02
6.2445378313e-02
2.8848573570e-02
-1.5455271555e-02
2.7294903759e-02
6.0059544253e-01
2.7049780089e-02
6.6775535123e-01
KVEC
24
5:7:8:9:10
BARREL
RPHI
FLOATPT
2.0000000000e+00 3.0000000000e+00
-inf inf
-1
1
8
-1.1876791880e+00
2.4717613707e+00
-7.7919488375e-01
2.0311057578e+00
2.1298361351e+01
3.9238532160e+01
4.1900807026e+01
1.2078043717e+02
CMTX
24
5:6:8:9:10
BARREL
RPHI
FLOATPT
2.0000000000e+00 3.0000000000e+00
-inf inf
1
2
10
2.1624490443e+00
-5.0225899189e-03
-3.9590182799e+00
9.3857058755e-03
-3.3815361418e+00
8.0322769522e-03
3.7150039869e+00
-9.0125615819e-03
1.4629885984e+00
-3.3977350095e-03
-1.5728554066e+00
3.6798966921e-03
2.6556331375e+00
-6.2978646074e-03
1.8450253187e+00
-4.3870953344e-03
-1.3661240455e+00
3.3237504899e-03
-5.6165404638e-01
1.2521304279e-03
QVEC
24
5:6:8:9:10
BARREL
RPHI
FLOATPT
2.0000000000e+00 3.0000000000e+00
-inf inf
1
1
2
4.1311701605e-01
5.7747291146e-03
AMTX
24
5:6:8:9:10
BARREL
RPHI
FLOATPT
2.0000000000e+00 3.0000000000e+00
-inf inf
1
8
10
5.2229561352e+02
-1.2641558147e+00
-1.4527141543e+03
3.4248740436e+00
2.1943939015e+03
-5.2517965317e+00
-1.3814247770e+03
3.3280859560e+00
1.1744087597e+02
-2.3996431466e-01
-6.0643880587e+02
1.4526225848e+00
1.0513125097e+03
-2.5321676128e+00
1.2510347047e+01
-3.1513993193e-02
-1.2477814164e+03
3.0307041050e+00
7.9042221684e+02
-1.9866205503e+00
5.0858058689e+02
-1.1823536528e+00
-2.8367573710e+02
6.5109501521e-01
-4.6363447011e+02
1.0979703950e+00
-2.0791217909e+02
5.0345227616e-01
4.4662948655e+02
-1.0751166323e+00
2.9441277131e+01
-6.9639469623e-02
2.0383570522e+01
-4.1580550654e-02
-2.3447486891e+00
-3.5367502956e-04
-1.6643771574e+01
7.0137526569e-02
-3.0760427392e+01
5.8633029794e-02
-4.4780480858e-02
9.3873045355e-01
-4.7601551013e-02
-2.5984220761e-01
-4.8278043909e-02
-5.5867532721e-01
-4.6774737866e-02
6.7964437699e-02
-4.7238050840e-02
-1.1056199657e-01
1.4324091302e-02
-4.1268437747e-02
1.3261604855e-02
-4.9056691343e-01
1.5333078459e-02
3.2157345853e-01
1.4932794393e-02
1.1832101366e-01
1.2785657653e-02
-7.7964308695e-01
-9.6204268465e-02
6.8239726797e-02
-9.6865946565e-02
-1.5984451340e-01
-9.6538315204e-02
1.1897640912e-01
-9.9238422040e-02
-9.1367152561e-01
-9.7238737947e-02
-1.4322417843e-03
-2.0714194888e-01
3.9183210581e-01
-2.0733882414e-01
3.2798274423e-01
-2.0677774737e-01
6.0690193005e-01
-2.0792303777e-01
1.6126255548e-01
-2.0830330687e-01
2.8886356810e-02
KVEC
24
5:6:8:9:10
BARREL
RPHI
FLOATPT
2.0000000000e+00 3.0000000000e+00
-inf inf
1
1
8
3.7228484903e+00
-6.4758896721e+00
-4.8225741624e-01
9.5499285366e-01
-3.2069505540e+01
-6.9931808063e+01
-7.7278824640e+01
7.8916846031e+01
CMTX
24
5:6:8:9:10
BARREL
RPHI
FLOATPT
2.0000000000e+00 3.0000000000e+00
-inf inf
-1
2
10
1.4485352847e+00
3.2962707884e-03
-2.0004520254e+00
-4.7932783678e-03
-3.4441923321e+00
-8.1635450883e-03
-2.1178850680e-01
-5.0389437303e-04
4.2079068446e+00
1.0306889006e-02
-1.2656370972e+00
-2.9319019117e-03
1.8213328657e+00
4.3131087135e-03
1.9316469714e+00
4.5774600162e-03
1.6175481526e-01
3.8379407148e-04
-1.6491336269e+00
-4.0515728894e-03
QVEC
24
5:6:8:9:10
BARREL
RPHI
FLOATPT
2.0000000000e+00 3.0000000000e+00
-inf inf
-1
1
2
-4.3466281052e-01
1.0609624011e-02
AMTX
24
5:6:8:9:10
BARREL
RPHI
FLOATPT
2.0000000000e+00 3.0000000000e+00
-inf inf
-1
8
10
5.1380529754e+01
1.2002395678e-01
7.0291597111e+01
1.9833646013e-01
-1.5029424361e+03
-3.5943852379e+00
2.5634474443e+03
6.1909512654e+00
-1.1822191828e+03
-2.8864568335e+00
-7.8626293839e+02
-1.8797507746e+00
1.9272319889e+03
4.5487308185e+00
-1.5569653976e+03
-3.7459550956e+00
-5.1880371214e+02
-1.2616526246e+00
9.3482897315e+02
2.2558118923e+00
-5.8889648561e+02
-1.3717001058e+00
3.8628691896e+02
9.1924598042e-01
4.9793976015e+02
1.1778124314e+00
1.0741732663e+02
2.5799969389e-01
-4.0273495321e+02
-9.8562113180e-01
-2.9416870310e+01
-6.9203780564e-02
-2.0497484275e+01
-5.8314679889e-02
2.3726923305e+00
-6.3298642694e-03
1.6723293749e+01
5.5966469551e-02
3.0748215437e+01
7.9191279199e-02
2.6544953114e-02
8.5977906323e-01
2.7687772736e-02
3.6190213783e-01
2.9882938605e-02
-5.7658475446e-01
2.8486826713e-02
3.4941511389e-03
2.7557296544e-02
3.8544343233e-01
-6.5841856509e-02
-4.2215659206e-01
-6.7862448472e-02
4.4522830115e-01
-6.6758679796e-02
2.3438224829e-04
-6.5488193926e-02
-5.1641523931e-01
-6.8050528398e-02
5.5295899604e-01
3.8491495332e-02
-1.9072393379e-01
3.7533568325e-02
2.0898140544e-01
3.7593832760e-02
1.5096791099e-01
3.6033784319e-02
7.7722349008e-01
3.6811293110e-02
4.3444608286e-01
-1.6411464176e-01
-3.3923525516e-01
-1.6431853056e-01
-2.9305391301e-01
-1.6353344246e-01
-7.1146132261e-01
-1.6576595273e-01
1.5870097091e-01
-1.6559335733e-01
2.6022679686e-02
KVEC
24
5:6:8:9:10
BARREL
RPHI
FLOATPT
2.0000000000e+00 3.0000000000e+00
-inf inf
-1
1
8
4.2285217223e-01
-4.3738294731e+00
-1.7832297601e+00
8.7481364203e-01
3.4893718425e+01
1.9927326172e+01
1.2902108975e+02
-5.0093169194e+01
CMTX
24
5:6:7:9:10
BARREL
RPHI
FLOATPT
2.0000000000e+00 3.0000000000e+00
-inf inf
1
2
10
2.0722735147e+00
-4.8772136634e-03
-2.7011478435e+00
6.3732401870e-03
-3.4886805401e+00
8.2922882675e-03
2.8094989820e+00
-6.8122110412e-03
1.3078754293e+00
-3.0588489006e-03
-1.5121689619e+00
3.5726581524e-03
1.9146661413e+00
-4.5251044784e-03
1.9612752029e+00
-4.6561969824e-03
-8.8993076888e-01
2.1657191957e-03
-4.7378048742e-01
1.0609573781e-03
QVEC
24
5:6:7:9:10
BARREL
RPHI
FLOATPT
2.0000000000e+00 3.0000000000e+00
-inf inf
1
1
2
4.1450456345e-01
4.3165201580e-03
AMTX
24
5:6:7:9:10
BARREL
RPHI
FLOATPT
2.0000000000e+00 3.0000000000e+00
-inf inf
1
8
10
6.6650828777e+02
-1.5738332318e+00
-2.3423484782e+03
5.5661914355e+00
2.1225002021e+03
-5.0671772573e+00
-4.8563131442e+02
1.1537278556e+00
3.9000625945e+01
-1.6282356486e-02
4.1815534747e+02
-1.0093067409e+00
-5.5538717282e+02
1.3580998070e+00
-4.0706607422e+02
9.6470672797e-01
1.4044964020e+03
-3.4054723719e+00
-8.6022570229e+02
2.1399678757e+00
-5.6003849158e+02
1.3161400294e+00
2.2693788116e+02
-5.1664844580e-01
4.7598228337e+02
-1.1354585104e+00
1.9034934937e+02
-4.6103544020e-01
-3.3320626121e+02
7.9757300066e-01
2.6286275987e+01
-6.3216989835e-02
1.7472918790e+01
-3.4993697372e-02
7.3600341477e+00
-1.2941403711e-02
-1.8635600336e+01
7.4668502132e-02
-3.2412724145e+01
6.2627658738e-02
-1.1974859483e-01
8.4875759306e-01
-1.2290481859e-01
-4.7264589195e-01
-1.2098544720e-01
3.3942271561e-01
-1.2184388924e-01
6.6858936356e-03
-1.2248040218e-01
-2.2099355708e-01
-4.4298704358e-02
-5.0986521064e-01
-4.4155591646e-02
-4.2893948506e-01
-4.1657381784e-02
6.4528439212e-01
-4.4263480862e-02
-3.7777081095e-01
-4.3296091719e-02
5.8602155187e-02
-1.2285043991e-01
2.5629290172e-01
-1.2277140545e-01
3.1849942651e-01
-1.2353138684e-01
6.2829620304e-02
-1.2502879705e-01
-4.1650526054e-01
-1.2240372968e-01
7.2629316135e-01
-8.9627591494e-03
-6.0366438287e-02
-9.0010809244e-03
-1.0649209652e-01
-8.0201756923e-03
2.8173787494e-01
-6.6963144689e-03
7.6172535956e-01
-7.3018648858e-03
4.7366877444e-01
KVEC
24
5:6:7:9:10
BARREL
RPHI
FLOATPT
2.0000000000e+00 3.0000000000e+00
-inf inf
1
1
8
6.9637459257e+00
4.7103413344e+00
-4.3722640529e-01
1.5365684847e+00
-3.8645551272e+00
-2.1494389383e+01
6.1431094303e+01
1.2748946874e+02
CMTX
24
5:6:7:9:10
BARREL
RPHI
FLOATPT
2.0000000000e+00 3.0000000000e+00
-inf inf
-1
2
10
1.6403950329e+00
3.7888325003e-03
-1.6649589060e+00
-4.0207963839e-03
-2.9086893119e+00
-6.9210263052e-03
-7.7070167229e-01
-1.8769614279e-03
3.7039294927e+00
9.0691690112e-03
-1.3429207120e+00
-3.1358036896e-03
1.4548158052e+00
3.4582719091e-03
1.8504068653e+00
4.4019798221e-03
3.5970975698e-01
8.7736852313e-04
-1.3220253327e+00
-3.2456685866e-03
QVEC
24
5:6:7:9:10
BARREL
RPHI
FLOATPT
2.0000000000e+00 3.0000000000e+00
-inf inf
-1
1
2
-4.2519161281e-01
4.6672461202e-03
AMTX
24
5:6:7:9:10
BARREL
RPHI
FLOATPT
2.0000000000e+00 3.0000000000e+00
-inf inf
-1
8
10
1.5613416311e+02
3.7943088463e-01
1.5402665849e+02
3.8932931704e-01
-1.2590957854e+03
-2.9720402847e+00
2.4290360186e+03
5.8555594636e+00
-1.4801498016e+03
-3.6181775406e+00
7.1426124284e+02
1.7030776047e+00
-2.1924058023e+03
-5.1638613780e+00
1.5180422784e+03
3.6175630691e+00
5.3168523641e+02
1.3049981351e+00
-5.7159482306e+02
-1.3580758160e+00
6.0391056251e+02
1.4132582514e+00
-2.6548987923e+02
-6.3587533464e-01
-5.1814619849e+02
-1.2300322719e+00
-1.1250429639e+02
-2.7492964950e-01
2.9221164621e+02
7.1368457607e-01
-2.6251165878e+01
-6.3944256165e-02
-1.7571072594e+01
-5.0565101875e-02
-7.3796812949e+00
-1.6067390240e-03
1.8727727698e+01
6.0114834575e-02
3.2413575354e+01
8.2646755930e-02
-1.1563038960e-01
-7.8059181462e-01
-1.1633096259e-01
-4.9225558702e-01
-1.1666046439e-01
-3.5484426177e-01
-1.1771316173e-01
5.4840986456e-02
-1.1663528386e-01
-4.1157075274e-01
-3.5627212624e-02
6.1766864118e-01
-3.3447809277e-02
-3.0886357554e-01
-3.2878982262e-02
-5.4921220910e-01
-3.5214712176e-02
4.2819995348e-01
-3.3640858971e-02
-2.2310702960e-01
1.6971262523e-01
9.5126673763e-02
1.7046757865e-01
-2.2954410090e-01
1.6859303388e-01
5.6199572254e-01
1.6951076224e-01
1.6869561652e-01
1.7139743439e-01
-6.0863807899e-01
-4.3536405651e-02
2.7492194154e-01
-4.2556167300e-02
-1.2553199799e-01
-4.2490272180e-02
-1.2527378632e-01
-4.0665064565e-02
-8.2815027701e-01
-4.1830839673e-02
-3.1383292275e-01
KVEC
24
5:6:7:9:10
BARREL
RPHI
FLOATPT
2.0000000000e+00 3.0000000000e+00
-inf inf
-1
1
8
-6.2518945805e-01
6.5887040882e+00
1.6701251318e-01
2.3639411084e+00
-9.2801677191e+01
-1.0776169844e+01
-2.7975054783e+01
-1.1168160503e+02
CMTX
24
5:6:7:8:10
BARREL
RPHI
FLOATPT
2.0000000000e+00 3.0000000000e+00
-inf inf
1
2
10
1.9811374842e+00
-4.6261629768e-03
-3.2674035761e+00
7.6453534437e-03
-2.3081809572e+00
5.4867365179e-03
9.1623900370e-01
-2.2666744313e-03
2.6780771702e+00
-6.4144611415e-03
-1.4494140566e+00
3.4040596344e-03
2.0717490169e+00
-4.8743425678e-03
1.3593255991e+00
-3.2226388381e-03
5.0633243268e-03
2.3203309254e-05
-9.8668636294e-01
2.3186496390e-03
QVEC
24
5:6:7:8:10
BARREL
RPHI
FLOATPT
2.0000000000e+00 3.0000000000e+00
-inf inf
1
1
2
4.2066213994e-01
1.9130106322e-03
AMTX
24
5:6:7:8:10
BARREL
RPHI
FLOATPT
2.0000000000e+00 3.0000000000e+00
-inf inf
1
8
10
5.0355493788e+02
-1.1744353238e+00
-1.9801234406e+03
4.7163715889e+00
2.4529869891e+03
-5.8595549283e+00
-1.0220057135e+03
2.4534337358e+00
4.5627623530e+01
-4.5202584115e-02
-6.6674748025e+02
1.6151424132e+00
1.3608235909e+03
-3.2402821538e+00
4.9645321295e+02
-1.1850995613e+00
-1.7486049754e+03
4.1843510525e+00
5.5810563865e+02
-1.4223561145e+00
-5.2762395164e+02
1.2327383630e+00
1.4840439962e+02
-3.3404819412e-01
3.6803684839e+02
-8.7663517753e-01
3.2197789208e+02
-7.5802531140e-01
-3.1077442950e+02
7.4462795219e-01
-2.7586233738e+01
6.5767781680e-02
-1.7237500591e+01
3.4348025900e-02
-5.3637153872e+00
7.2002147890e-03
8.7774245768e+00
-1.5616062330e-02
4.1345551509e+01
-8.5182089952e-02
6.2503482127e-02
-9.2084710889e-01
6.5439996697e-02
3.2264334480e-01
6.4278092752e-02
-1.6091357322e-01
6.5933208686e-02
5.3399742772e-01
6.4980633903e-02
1.1011010877e-01
-9.2387139314e-02
-1.8109271647e-01
-9.3380929096e-02
-5.8881924349e-01
-9.0386319141e-02
6.7036866645e-01
-9.1180100844e-02
3.4821283644e-01
-9.2620374154e-02
-2.2820686402e-01
9.1185917272e-02
2.6199119839e-02
9.0921620614e-02
-9.1171001378e-02
9.0361967436e-02
-3.6338283120e-01
9.1587415384e-02
1.1369320670e-01
8.9389516875e-02
-8.6230858079e-01
-2.0894833578e-01
4.0220323513e-01
-2.0909617962e-01
3.6236711042e-01
-2.1011497036e-01
-4.0769781523e-02
-2.0865276454e-01
5.9738290299e-01
-2.1034096420e-01
-4.0275304807e-02
KVEC
24
5:6:7:8:10
BARREL
RPHI
FLOATPT
2.0000000000e+00 3.0000000000e+00
-inf inf
1
1
8
7.7895278899e+00
-7.4628685628e+00
6.3337163354e-01
1.3073725973e+00
3.0893780084e+01
7.7743248980e+00
-1.0592332369e+02
5.5959600417e+01
CMTX
24
5:6:7:8:10
BARREL
RPHI
FLOATPT
2.0000000000e+00 3.0000000000e+00
-inf inf
-1
2
10
1.3729970851e+00
3.1220134965e-03
-1.1705216568e+00
-2.8395155690e-03
-1.7107553330e+00
-4.0617166669e-03
-2.4285940922e+00
-5.7400223169e-03
3.9368669095e+00
9.6281236645e-03
-1.2104614709e+00
-2.8045960049e-03
1.2113710114e+00
2.8772427663e-03
1.2586744113e+00
2.9899369070e-03
1.1870303386e+00
2.8005579213e-03
-1.4466376884e+00
-3.5446300079e-03
QVEC
24
5:6:7:8:10
BARREL
RPHI
FLOATPT
2.0000000000e+00 3.0000000000e+00
-inf inf
-1
1
2
-4.3146674683e-01
8.0608799865e-03
AMTX
24
5:6:7:8:10
BARREL
RPHI
FLOATPT
2.0000000000e+00 3.0000000000e+00
-inf inf
-1
8
10
3.2840026894e+01
9.2447316833e-02
5.5874756113e+02
1.3061226131e+00
-2.2055550384e+03
-5.2510585954e+00
2.0915893684e+03
5.0001017426e+00
-4.7764607815e+02
-1.1814117777e+00
-7.9750946540e+02
-1.9019607774e+00
2.1955783273e+03
5.1847117956e+00
-7.3316574407e+02
-1.7437205326e+00
-1.2202860806e+03
-2.9423627950e+00
5.5539718724e+02
1.3233790035e+00
5.5946190967e+02
1.3032832126e+00
-1.7591698992e+02
-4.2275180765e-01
-3.9232665488e+02
-9.2949189716e-01
-3.0405558471e+02
-7.1563233981e-01
3.1282184556e+02
7.6202401686e-01
-2.7583207546e+01
-6.4625793981e-02
-1.7371395213e+01
-4.9090114170e-02
-5.3820727747e+00
4.1270750151e-03
8.8576268517e+00
9.0777705572e-03
4.1421351711e+01
1.0607696409e-01
-5.1681065897e-02
-8.3421052107e-01
-5.2658634589e-02
-4.0210365951e-01
-5.3094659929e-02
-1.9961435144e-01
-5.4864729039e-02
5.5324352434e-01
-5.2535209210e-02
-3.9444374018e-01
1.4297125171e-01
-3.2247168813e-01
1.4126857018e-01
4.0622170489e-01
1.4054152287e-01
7.0985124783e-01
1.4152061688e-01
3.0441703093e-01
1.4167562558e-01
2.4056390261e-01
-1.6256491676e-01
-4.4911878687e-01
-1.6426613723e-01
2.6295387489e-01
-1.6296564331e-01
-3.0190562225e-01
-1.6316351978e-01
-2.3163887832e-01
-1.6532374146e-01
6.1955170343e-01
-6.9657058617e-02
-3.1050906577e-01
-7.0385431704e-02
-3.1587117496e-02
-7.1369727033e-02
3.5949072762e-01
-6.9007079532e-02
-6.6397748060e-01
-6.9867081272e-02
-3.7728393188e-01
KVEC
24
5:6:7:8:10
BARREL
RPHI
FLOATPT
2.0000000000e+00 3.0000000000e+00
-inf inf
-1
1
8
-3.3817393961e+00
-4.6908001365e+00
1.1586999402e+00
5.2156312754e-01
-4.8111812522e+01
8.9811016220e+01
3.4508943284e+01
-7.6136931294e+01
CMTX
24
5:6:7:8:9
BARREL
RPHI
FLOATPT
2.0000000000e+00 3.0000000000e+00
-inf inf
1
2
10
2.1209323927e+00
-4.9740719014e-03
-2.8425228772e+00
6.7807774594e-03
-2.9736033288e+00
7.0468443103e-03
-2.0326005243e+00
4.8061980480e-03
5.7276253705e+00
-1.3872392369e-02
-1.4966805516e+00
3.5204545676e-03
1.9027086943e+00
-4.5233387317e-03
1.6100532352e+00
-3.8106334380e-03
1.0997601515e+00
-2.6032876095e-03
-2.1157909568e+00
5.1300555535e-03
QVEC
24
5:6:7:8:9
BARREL
RPHI
FLOATPT
2.0000000000e+00 3.0000000000e+00
-inf inf
1
1
2
4.3115999958e-01
-7.2673087956e-03
AMTX
24
5:6:7:8:9
BARREL
RPHI
FLOATPT
2.0000000000e+00 3.0000000000e+00
-inf inf
1
8
10
4.2764612438e+02
-9.8862534940e-01
-1.7531160498e+03
4.1789978001e+00
2.4456661859e+03
-5.8433407125e+00
-1.3965887396e+03
3.3512549754e+00
2.7643446121e+02
-6.8305382523e-01
5.8463404113e+02
-1.4113830235e+00
-1.6210941440e+03
3.8267407487e+00
9.3291638077e+01
-2.1689573163e-01
2.1403553930e+03
-5.1204140961e+00
-1.1971956516e+03
2.8811157615e+00
6.4709650219e+02
-1.5237839695e+00
-3.5714351511e+02
8.4113083123e-01
-5.2432585463e+02
1.2474224519e+00
-1.8810465793e+02
4.3961774190e-01
4.2244704409e+02
-1.0241553005e+00
-4.0160391824e+01
9.3860668882e-02
-2.2984052345e+01
4.8871812203e-02
-3.4117576565e+00
2.9408756953e-03
1.9818374956e+01
-4.0996902876e-02
4.6675838973e+01
-1.4234975476e-01
-6.2206674752e-02
9.2406792257e-01
-6.5090588589e-02
-3.0027240154e-01
-6.4005166357e-02
1.5293898216e-01
-6.5679302553e-02
-5.4969665824e-01
-6.4274222959e-02
4.2108466904e-02
-1.1734627691e-01
-1.5176245970e-01
-1.1833117979e-01
-5.4174395434e-01
-1.1542347316e-01
7.0869604740e-01
-1.1652958783e-01
2.8450352714e-01
-1.1798880017e-01
-2.8629487530e-01
-5.1829728166e-02
8.1858358908e-02
-5.1451569125e-02
2.8009944535e-01
-5.2560040193e-02
-1.3470855988e-01
-5.2587648715e-02
-9.0211520644e-02
-5.4683411275e-02
-8.8887747815e-01
2.0514952675e-01
-3.9551563014e-01
2.0532534166e-01
-3.3664058045e-01
2.0619993926e-01
1.3870827951e-02
2.0475390528e-01
-6.0822142224e-01
2.0592778563e-01
-1.4370083147e-01
KVEC
24
5:6:7:8:9
BARREL
RPHI
FLOATPT
2.0000000000e+00 3.0000000000e+00
-inf inf
1
1
8
-6.0740436010e-01
-8.5596675525e-01
-1.8070763335e+00
-2.8536564500e+00
-1.5907746025e+01
6.8967571872e+00
-7.9918906445e+01
-7.4066022302e+01
CMTX
24
5:6:7:8:9
BARREL
RPHI
FLOATPT
2.0000000000e+00 3.0000000000e+00
-inf inf
-1
2
10
2.1377767629e+00
4.9699923435e-03
-2.7096296725e+00
-6.4124471258e-03
-3.3157828773e+00
-7.8298128090e-03
-1.7423712367e+00
-4.0773351923e-03
5.6298885630e+00
1.3580920676e-02
-1.4899464461e+00
-3.4792734084e-03
1.7708238552e+00
4.1763130331e-03
1.8467758434e+00
4.3706025693e-03
9.4892827549e-01
2.2226270818e-03
-2.0765635796e+00
-5.0073270814e-03
QVEC
24
5:6:7:8:9
BARREL
RPHI
FLOATPT
2.0000000000e+00 3.0000000000e+00
-inf inf
-1
1
2
-4.3099581134e-01
6.9988115523e-03
AMTX
24
5:6:7:8:9
BARREL
RPHI
FLOATPT
2.0000000000e+00 3.0000000000e+00
-inf inf
-1
8
10
4.9426135060e+01
1.3150231086e-01
3.2507367888e+02
7.4511755177e-01
-1.8229032525e+03
-4.3491107393e+00
2.3977776660e+03
5.7330436618e+00
-9.4938275909e+02
-2.3076558657e+00
6.7137591172e+02
1.5958225941e+00
-2.1269919044e+03
-5.0338415241e+00
1.2930307565e+03
3.0665377437e+00
9.4697419648e+02
2.2897702603e+00
-7.8438477798e+02
-1.8744264787e+00
6.4917239321e+02
1.5189610671e+00
-3.5573272050e+02
-8.4303441351e-01
-5.2259401327e+02
-1.2348440276e+00
-1.9465898622e+02
-4.5211586806e-01
4.2378701865e+02
1.0210171985e+00
-4.0027586389e+01
-9.3090112111e-02
-2.3140979203e+01
-6.2905571088e-02
-3.4594273852e+00
8.4998449625e-03
1.9837567060e+01
3.5715742673e-02
4.6736848283e+01
1.2794375385e-01
5.0959046653e-02
9.0922561165e-01
5.2270176025e-02
3.3594194751e-01
5.2622180896e-02
1.7690678897e-01
5.4354765052e-02
-5.5737875818e-01
5.2991395614e-02
5.0979316556e-03
-1.4126880905e-01
1.8524910246e-01
-1.3991451043e-01
-3.9960622313e-01
-1.3910372346e-01
-7.5023827137e-01
-1.4035082645e-01
-2.4000400587e-01
-1.4176968849e-01
3.4011915535e-01
1.6172107135e-01
1.5617226228e-01
1.6237574040e-01
-1.2381367544e-01
1.6157458014e-01
2.0158406793e-01
1.6125835570e-01
3.2745134004e-01
1.6014242130e-01
7.7853540726e-01
-1.2667064367e-01
-3.9437247954e-01
-1.2894773473e-01
5.4928674213e-01
-1.2780510930e-01
4.1823782958e-02
-1.2691197175e-01
-3.5535052667e-01
-1.2890513230e-01
4.3762993468e-01
KVEC
24
5:6:7:8:9
BARREL
RPHI
FLOATPT
2.0000000000e+00 3.0000000000e+00
-inf inf
-1
1
8
-3.3675421768e+00
2.6197021763e+00
1.3729128899e+00
1.2873559119e+00
4.0184171375e+00
-3.4329559150e+01
1.0087811769e+02
2.6881427572e+01
