56
CMTX
22
5:6:7:8:9:10
BARREL
RPHI
FLOATPT
2.0000000000e+00 3.0000000000e+00
-inf inf
1
2
12
1.4868690549e+00
-3.5453578992e-03
-1.5089493042e+00
3.7488043187e-03
-1.4832367731e+00
3.5120251097e-03
-2.4404268167e+00
5.8153052294e-03
1.0633776836e-01
-2.4234053259e-04
3.8396020777e+00
-9.4839108152e-03
-1.2492879975e+00
2.9676045741e-03
1.3893830459e+00
-3.3670706604e-03
1.0833557523e+00
-2.5799561823e-03
1.2206635272e+00
-2.9127903814e-03
-3.3012687801e-02
7.1215758639e-05
-1.4111861039e+00
3.5244378298e-03
QVEC
22
5:6:7:8:9:10
BARREL
RPHI
FLOATPT
2.0000000000e+00 3.0000000000e+00
-inf inf
1
1
2
4.3710892197e-01
-1.1063553402e-02
AMTX
22
5:6:7:8:9:10
BARREL
RPHI
FLOATPT
2.0000000000e+00 3.0000000000e+00
-inf inf
1
10
12
1.9411403344e+02
-4.8477518012e-01
-1.0854645449e+03
2.6222994750e+00
1.4982981119e+03
-3.5513169097e+00
5.2888888034e+02
-1.2479304625e+00
-2.3058651432e+03
5.5819009783e+00
1.1700222664e+03
-2.9167139953e+00
-1.5249896702e+02
3.3777348169e-01
8.5654139047e+02
-2.0068149121e+00
-1.9382556020e+03
4.6154955855e+00
2.1009020041e+03
-5.0324139897e+00
-1.0835605970e+03
2.6174832834e+00
2.1687053348e+02
-5.0145039563e-01
7.7896812977e+02
-1.8363722759e+00
-1.8869314576e+03
4.4308204549e+00
2.1434194282e+01
-3.4596301810e-02
1.3425411086e+03
-3.2164937049e+00
7.6009160952e+02
-1.8384946794e+00
-1.0161399061e+03
2.4128768184e+00
5.5397935769e+02
-1.3140536800e+00
-1.7169319761e+02
4.1938258392e-01
-3.8756788333e+02
9.2164820075e-01
-2.9464320323e+02
7.0084064299e-01
-2.6383421718e+01
6.5082009079e-02
3.2630726149e+02
-8.1221250680e-01
2.6810070937e+01
-6.3796765610e-02
1.8097901304e+01
-3.0678033603e-02
8.1098470705e+00
-1.5985053295e-02
-3.8827425490e+00
-3.0671135949e-03
-1.7767250501e+01
4.7610946614e-02
-3.1303649698e+01
6.9697721881e-02
-1.7394947090e-02
8.7965395251e-01
-2.0231467492e-02
-3.1235432892e-01
-1.9466260454e-02
7.9285462624e-03
-2.0864287655e-02
-5.7619271852e-01
-1.9683533924e-02
-7.3227733611e-02
-1.8843980871e-02
2.6026019958e-01
1.2689612988e-02
-1.6971530641e-01
1.2330487044e-02
-3.0648054556e-01
1.1522446098e-02
-6.4338213453e-01
1.2955497401e-02
-3.2849658631e-02
1.4450155468e-02
5.9840601611e-01
1.3789237114e-02
3.2683661095e-01
-2.1950212635e-02
3.6149583521e-01
-2.1507120971e-02
5.1997047709e-01
-2.2985366285e-02
-1.1560364267e-01
-2.2720037188e-02
-2.8225383530e-02
-2.1307648166e-02
5.2880117485e-01
-2.3809934532e-02
-5.1796815191e-01
5.7981298429e-02
7.4179285767e-03
5.7054380254e-02
-3.9626810337e-01
5.6948668314e-02
-4.3142869262e-01
5.7887074860e-02
-3.9367309528e-02
5.7196576436e-02
-3.2454859477e-01
5.6431834994e-02
-6.4036423522e-01
6.2334135986e-02
-4.1888481084e-01
6.3702116623e-02
1.3017660720e-01
6.3699826199e-02
9.8430315392e-02
6.1690985459e-02
-7.7362636384e-01
6.3780425431e-02
5.7292087983e-02
6.3483104071e-02
-9.9347077537e-02
KVEC
22
5:6:7:8:9:10
BARREL
RPHI
FLOATPT
2.0000000000e+00 3.0000000000e+00
-inf inf
1
1
10
-3.0897311163e+00
3.4091047819e+00
-6.5677816754e+00
-2.5942688078e+00
-4.1672975432e-01
-8.3750111680e+00
3.8590327121e+01
1.0160783871e+01
-1.3650141184e+02
-5.8835980453e+01
CMTX
22
5:6:7:8:9:10
BARREL
RPHI
FLOATPT
2.0000000000e+00 3.0000000000e+00
-inf inf
-1
2
12
1.4673494784e+00
3.4058875836e-03
-1.4467896447e+00
-3.3425366177e-03
-1.5829389674e+00
-3.7713728492e-03
-2.3160048657e+00
-5.4452493914e-03
2.4992309419e-03
1.5421344048e-05
3.8757701137e+00
9.4463753839e-03
-1.2162733403e+00
-2.8521813336e-03
1.2802426581e+00
2.9861930143e-03
1.2073455140e+00
2.8686079566e-03
1.1422312146e+00
2.6850515249e-03
1.8283668371e-02
4.1663702081e-05
-1.4318005266e+00
-3.4823671317e-03
QVEC
22
5:6:7:8:9:10
BARREL
RPHI
FLOATPT
2.0000000000e+00 3.0000000000e+00
-inf inf
-1
1
2
-4.3655033938e-01
8.6674485360e-03
AMTX
22
5:6:7:8:9:10
BARREL
RPHI
FLOATPT
2.0000000000e+00 3.0000000000e+00
-inf inf
-1
10
12
-8.7274253418e+01
-2.3791406896e-01
5.7849132869e+02
1.3555602318e+00
-5.7876492145e+02
-1.3708458426e+00
-1.3118647964e+03
-3.1484006755e+00
2.5824522785e+03
6.2424250243e+00
-1.1830954463e+03
-2.8993396825e+00
6.7933095513e+01
1.2910016475e-01
-8.3837716418e+02
-1.9595700098e+00
2.3134196640e+03
5.5010092272e+00
-1.9156598154e+03
-4.5656452853e+00
-6.4331032565e+01
-1.5579627493e-01
4.3707895387e+02
1.0436851654e+00
-7.8845576329e+02
-1.8565437024e+00
1.9927259719e+03
4.7268575107e+00
-3.4876218565e+02
-8.2418097045e-01
-1.0889397802e+03
-2.6265618019e+00
-6.8404884311e+02
-1.6608119908e+00
9.1747079547e+02
2.2531208897e+00
-5.5376123296e+02
-1.2955200552e+00
1.7133887506e+02
3.9687071441e-01
3.8611169443e+02
9.1539713519e-01
2.9572051411e+02
6.9224223709e-01
2.9147103828e+01
7.1692569982e-02
-3.2854060988e+02
-8.0062521603e-01
-2.6832501566e+01
-6.3390599808e-02
-1.8240871019e+01
-4.6588895234e-02
-8.0203670993e+00
-1.2418626812e-02
3.9099940247e+00
4.6199753797e-03
1.7744886044e+01
4.9443870759e-02
3.1381726302e+01
4.5326031931e-02
4.8600212407e-02
9.0492829331e-01
4.9674418936e-02
4.2781496596e-01
5.0829784711e-02
-7.6001910473e-02
5.1529493437e-02
-3.8846512472e-01
5.0217506302e-02
1.4470167794e-01
5.1378771847e-02
-3.5527914677e-01
1.1776591603e-02
-2.6383739641e-01
9.8138373893e-03
5.5418455654e-01
1.0288597310e-02
3.1955586875e-01
9.8458923621e-03
4.7761523705e-01
1.0771581019e-02
4.7150567253e-02
1.2176162858e-02
-5.6690563366e-01
5.2367744074e-02
-4.8817264085e-02
5.2578428073e-02
-1.3562658644e-01
5.3747092756e-02
-6.3255053439e-01
5.1538085392e-02
2.9305290435e-01
5.0631212330e-02
6.6259056329e-01
5.2614863997e-02
-1.5845735348e-01
-1.1744118506e-01
-2.4513008785e-01
-1.1856132508e-01
2.1360631494e-01
-1.1883733940e-01
3.1665459184e-01
-1.1710844459e-01
-4.2565316047e-01
-1.1966803701e-01
6.1538269005e-01
-1.1866547041e-01
1.8045620084e-01
6.0104454846e-02
3.6196002439e-01
6.0827684653e-02
8.6908521890e-02
6.0381234182e-02
3.0941215718e-01
5.9991419743e-02
5.0836886466e-01
6.0806693507e-02
2.1656056140e-01
6.0102694891e-02
5.4410889932e-01
KVEC
22
5:6:7:8:9:10
BARREL
RPHI
FLOATPT
2.0000000000e+00 3.0000000000e+00
-inf inf
-1
1
10
-2.9029980941e+00
-5.2312782226e-01
1.4705108052e+00
-1.9727386073e+00
-2.5848854450e+00
-2.0494014922e+01
5.4467546440e+00
2.3184474383e+01
6.3754321491e+01
1.3902443917e+02
CMTX
22
6:7:8:9:10
BARREL
RPHI
FLOATPT
2.0000000000e+00 3.0000000000e+00
-inf inf
1
2
10
1.3963828100e+00
-3.1100432251e-03
-2.0755003261e+00
4.8992310822e-03
-3.4552433389e+00
8.2411264412e-03
-3.4044200649e-01
8.3454314185e-04
4.4750377490e+00
-1.0915701802e-02
-1.0517214257e+00
2.3951721193e-03
1.5810550518e+00
-3.7455455227e-03
2.0727928838e+00
-4.9515237747e-03
3.4326292053e-01
-8.3588628099e-04
-1.9455077549e+00
4.7288929197e-03
QVEC
22
6:7:8:9:10
BARREL
RPHI
FLOATPT
2.0000000000e+00 3.0000000000e+00
-inf inf
1
1
2
4.2498550512e-01
-1.0270382526e-03
AMTX
22
6:7:8:9:10
BARREL
RPHI
FLOATPT
2.0000000000e+00 3.0000000000e+00
-inf inf
1
8
10
4.0720544503e+02
-1.0226347451e+00
-6.3369525781e+02
1.4956749227e+00
-1.1165942260e+03
2.6623706482e+00
2.6211419075e+03
-6.3423137178e+00
-1.2780528247e+03
3.1538125156e+00
7.0573800505e+02
-1.6784014350e+00
-2.2893949491e+03
5.4498483468e+00
2.0245663270e+03
-4.8582080168e+00
-1.0529462268e+01
2.0730764735e-02
-4.3038830916e+02
1.0808810851e+00
1.0550105130e+03
-2.4699064683e+00
-5.9517300447e+02
1.4058819977e+00
-8.8403479186e+02
2.1108991346e+00
-3.2101446345e+02
7.7693889994e-01
7.4523343794e+02
-1.7875854602e+00
3.6340257057e+01
-7.4352752302e-02
2.0916045060e+01
-4.6668013027e-02
2.3231486067e+00
-1.7933804341e-02
-1.9235389403e+01
5.0995567185e-02
-4.0271591015e+01
9.2555422846e-02
-2.9534702736e-02
6.1982530927e-01
-3.0419611773e-02
2.4749484725e-01
-2.9798595281e-02
4.9574394428e-01
-3.0936303629e-02
5.0649699334e-03
-3.2395141442e-02
-5.9018059485e-01
-5.7073447283e-03
8.0077406193e-02
-7.3198429807e-03
-5.9977241678e-01
-5.5765708789e-03
1.2854082039e-01
-3.9942074884e-03
7.8030545557e-01
-6.0056067399e-03
-5.1264814401e-02
1.2689211350e-01
-9.3814346925e-02
1.2660676057e-01
-2.3698966368e-01
1.2600328816e-01
-5.2502085286e-01
1.2705802785e-01
-1.2561129772e-01
1.2581802803e-01
-6.7280206335e-01
-3.3369484793e-02
4.6649496028e-01
-3.3490732979e-02
3.8805650428e-01
-3.5782240281e-02
-5.9559468523e-01
-3.3414406251e-02
3.5806071951e-01
-3.3825071774e-02
1.6425236116e-01
KVEC
22
6:7:8:9:10
BARREL
RPHI
FLOATPT
2.0000000000e+00 3.0000000000e+00
-inf inf
1
1
8
1.3096244006e-01
2.6617894340e+00
2.0546654851e+00
-3.1994175801e-01
5.4844275656e+00
4.4946279429e+01
-1.3543817728e+02
4.5084558137e+01
CMTX
22
6:7:8:9:10
BARREL
RPHI
FLOATPT
2.0000000000e+00 3.0000000000e+00
-inf inf
-1
2
10
1.3172220940e+00
3.2048618955e-03
-2.0041957326e+00
-4.7694816207e-03
-3.3705717989e+00
-8.0171991991e-03
-4.5725678819e-01
-1.1021746322e-03
4.5146811999e+00
1.1020557122e-02
-1.0107895507e+00
-2.4376148428e-03
1.5552927936e+00
3.6920623962e-03
2.0190773197e+00
4.8193019257e-03
3.9732760077e-01
9.6399260206e-04
-1.9608674446e+00
-4.7878511655e-03
QVEC
22
6:7:8:9:10
BARREL
RPHI
FLOATPT
2.0000000000e+00 3.0000000000e+00
-inf inf
-1
1
2
-4.3666754109e-01
8.4553603578e-03
AMTX
22
6:7:8:9:10
BARREL
RPHI
FLOATPT
2.0000000000e+00 3.0000000000e+00
-inf inf
-1
8
10
3.6044481371e+02
8.4327076027e-01
-4.7669217069e+02
-1.1296679030e+00
-1.2721982875e+03
-3.0553361994e+00
2.6286904495e+03
6.3558657125e+00
-1.2402904149e+03
-3.0431464531e+00
6.9314249099e+02
1.6116158577e+00
-2.2986366870e+03
-5.4651105320e+00
1.9539991582e+03
4.6633203509e+00
1.8298295940e+02
4.4221981205e-01
-5.3155867175e+02
-1.2737350792e+00
-1.0424766223e+03
-2.4800430755e+00
6.0606735121e+02
1.4362463297e+00
8.5290789266e+02
2.0419158143e+00
3.1873371678e+02
7.7560156315e-01
-7.3521335371e+02
-1.8020327952e+00
-3.6528195918e+01
-8.9466871558e-02
-2.0760705598e+01
-4.2424959195e-02
-2.2862809801e+00
-9.9412331635e-03
1.9170473900e+01
5.2921674231e-02
4.0338976693e+01
6.7208448026e-02
2.6120264576e-02
6.9338578427e-01
2.7287125416e-02
1.5974302764e-01
2.7281136924e-02
1.2753880054e-01
2.7002104746e-02
1.9081243074e-01
2.9078359202e-02
-7.0904786667e-01
1.0086787474e-01
-1.9581503361e-01
1.0200438666e-01
-6.6913293919e-01
9.9777460916e-02
2.7568234172e-01
9.8998285043e-02
6.0695134749e-01
1.0076063822e-01
-1.0993244325e-01
-1.3815545895e-01
8.4300290057e-02
-1.3759206075e-01
-1.7645996710e-01
-1.3607275582e-01
-8.4347615899e-01
-1.3895555769e-01
3.2090140351e-01
-1.3813777114e-01
-4.9254598697e-02
-8.2744414768e-02
1.6982134361e-01
-8.3389569300e-02
4.4802899540e-01
-8.2784813202e-02
1.9688751776e-01
-8.3768652305e-02
6.0975806040e-01
-8.3380922648e-02
4.5046280011e-01
KVEC
22
6:7:8:9:10
BARREL
RPHI
FLOATPT
2.0000000000e+00 3.0000000000e+00
-inf inf
-1
1
8
-2.6423226683e+00
5.1402185187e-02
-2.5177427139e+00
-2.4890762083e+00
-1.8331028748e+01
1.9168191985e+01
-3.9573663075e+01
1.4518997027e+02
CMTX
22
5:7:8:9:10
BARREL
RPHI
FLOATPT
2.0000000000e+00 3.0000000000e+00
-inf inf
1
2
10
9.6507706903e-01
-2.2985511429e-03
-2.3871443459e+00
5.6408593876e-03
-2.7903759863e+00
6.6354683589e-03
1.8079920221e-01
-4.3175664538e-04
4.0318669760e+00
-9.8769000300e-03
-7.6844317214e-01
1.8248005818e-03
1.9111345748e+00
-4.5340957901e-03
1.5405228771e+00
-3.6682670470e-03
-8.5580888061e-02
2.0366055585e-04
-1.5977398891e+00
3.9169241103e-03
QVEC
22
5:7:8:9:10
BARREL
RPHI
FLOATPT
2.0000000000e+00 3.0000000000e+00
-inf inf
1
1
2
4.3841847479e-01
-9.2562094564e-03
AMTX
22
5:7:8:9:10
BARREL
RPHI
FLOATPT
2.0000000000e+00 3.0000000000e+00
-inf inf
1
8
10
-2.5291182956e+01
2.9096953871e-02
-4.0939648855e+02
9.8220208261e-01
1.8238489768e+03
-4.3596050685e+00
-2.3941045124e+03
5.7893177996e+00
1.0049417669e+03
-2.4652400362e+00
-2.6564804306e+02
6.2607141164e-01
1.9569096489e+03
-4.6622987572e+00
-1.6868645281e+03
4.0491408931e+00
-1.1401485874e+03
2.7607776360e+00
1.1357713117e+03
-2.7798464742e+00
-4.9261537455e+02
1.1680994907e+00
4.6979788417e+02
-1.1151378662e+00
3.5040956040e+02
-8.3305883040e-01
3.8248041661e+01
-9.3005815630e-02
-3.6584143891e+02
9.0074799839e-01
-3.6323716757e+01
8.5631040861e-02
-1.3983732673e+01
3.0595574434e-02
3.2348729159e-01
1.2495529533e-02
1.6885389710e+01
-4.4973547718e-02
3.3028714322e+01
-7.4103855705e-02
3.7595780423e-02
-9.2734529006e-01
3.9585306046e-02
-7.3399242692e-02
4.1107574633e-02
5.7215336014e-01
3.9853450803e-02
5.1508517530e-02
3.9222741360e-02
-1.9264405753e-01
-2.8267925309e-04
1.6527172114e-02
-1.7873831077e-03
-6.2086228926e-01
-4.7104716059e-04
-7.1646280708e-02
1.5508033373e-03
7.6337867130e-01
7.5349248710e-05
1.4812958898e-01
-2.5974083785e-02
-2.4952447913e-01
-2.5141233064e-02
1.2694569168e-01
-2.5639528392e-02
-6.7135135546e-02
-2.5694518470e-02
-7.3851330371e-02
-2.3331507740e-02
9.0787751283e-01
1.8206406126e-01
-3.3174737183e-01
1.8232018238e-01
-2.9076824030e-01
1.8156318227e-01
-6.4547694124e-01
1.8256620049e-01
-2.7121981279e-01
1.8309683559e-01
-9.5057612843e-02
KVEC
22
5:7:8:9:10
BARREL
RPHI
FLOATPT
2.0000000000e+00 3.0000000000e+00
-inf inf
1
1
8
-1.1058288925e+00
-1.2290742070e+00
2.5048268826e+00
9.6030701692e-01
-2.1390947591e+00
4.7676179483e+01
8.7519781819e+01
-1.0156438359e+02
CMTX
22
5:7:8:9:10
BARREL
RPHI
FLOATPT
2.0000000000e+00 3.0000000000e+00
-inf inf
-1
2
10
9.5851835735e-01
2.1995924578e-03
-2.4210628244e+00
-5.7659377686e-03
-2.6774615777e+00
-6.3275455279e-03
6.0612875477e-02
1.4915644126e-04
4.0792485553e+00
9.9658619644e-03
-7.6590280509e-01
-1.7883069667e-03
1.9473790697e+00
4.6278463243e-03
1.4634736316e+00
3.4695627651e-03
-3.1802391395e-02
-7.4399016085e-05
-1.6130921740e+00
-3.9410801109e-03
QVEC
22
5:7:8:9:10
BARREL
RPHI
FLOATPT
2.0000000000e+00 3.0000000000e+00
-inf inf
-1
1
2
-4.3468349656e-01
7.8308061947e-03
AMTX
22
5:7:8:9:10
BARREL
RPHI
FLOATPT
2.0000000000e+00 3.0000000000e+00
-inf inf
-1
8
10
3.7061250661e+01
4.6739214455e-02
3.4145684536e+02
8.1665622417e-01
-1.7817216500e+03
-4.2630018897e+00
2.4444015934e+03
5.9096236633e+00
-1.0412254887e+03
-2.5628531018e+00
2.6940617058e+02
6.5554188883e-01
-1.9864298412e+03
-4.7222280765e+00
1.7443373098e+03
4.1646260408e+00
1.0751897440e+03
2.6034407039e+00
-1.1025689339e+03
-2.6848579082e+00
4.9195462538e+02
1.1490390527e+00
-4.6824615589e+02
-1.1107925668e+00
-3.5107503003e+02
-8.2668316242e-01
-4.1032088961e+01
-1.0119416741e-01
3.6837884425e+02
9.0023077702e-01
3.6472468073e+01
8.5912293894e-02
1.3945035069e+01
2.6077241249e-02
-3.2250905284e-01
4.5523587274e-03
-1.6864240952e+01
-4.7398625420e-02
-3.3167801708e+01
-4.9472500851e-02
8.0604268185e-02
9.4555812835e-01
8.3283065752e-02
-2.0878095998e-01
8.3865379557e-02
-4.6262791273e-01
8.2432483032e-02
1.3688543157e-01
8.3265453558e-02
-2.1269140328e-01
-1.1702567637e-01
7.4292478697e-02
-1.1796225294e-01
4.7459696037e-01
-1.1562636540e-01
-5.0297092305e-01
-1.1548174255e-01
-5.5080132072e-01
-1.1771879371e-01
3.7696553342e-01
-1.2987807237e-01
-1.7063116793e-01
-1.2951587291e-01
-3.0777927100e-01
-1.2928873407e-01
-3.9454234330e-01
-1.3155344835e-01
5.5717574550e-01
-1.3141670259e-01
5.0696691041e-01
1.4740697806e-01
2.6368758715e-01
1.4880768360e-01
-2.1167663413e-01
1.4752842975e-01
3.9548253786e-01
1.4917383738e-01
-2.0044007052e-01
1.4722125614e-01
6.7858849674e-01
KVEC
22
5:7:8:9:10
BARREL
RPHI
FLOATPT
2.0000000000e+00 3.0000000000e+00
-inf inf
-1
1
8
-2.9007038943e+00
-1.4991722109e-01
1.7812634316e+00
2.4841892085e+00
-3.1997462639e+01
-1.5953478697e+01
5.8341073383e+01
7.6682672363e+01
CMTX
22
5:6:8:9:10
BARREL
RPHI
FLOATPT
2.0000000000e+00 3.0000000000e+00
-inf inf
1
2
10
1.5807724523e+00
-3.7654387910e-03
-2.2954828963e+00
5.6194444270e-03
-3.1959456599e+00
7.6322900237e-03
-2.1419390381e-01
5.3480359819e-04
4.1250435005e+00
-1.0214652262e-02
-1.3176477141e+00
3.1280277688e-03
1.9632877007e+00
-4.7311799961e-03
1.7732235315e+00
-4.2416942973e-03
2.0077191902e-01
-4.9696705994e-04
-1.6197191056e+00
4.0581688471e-03
QVEC
22
5:6:8:9:10
BARREL
RPHI
FLOATPT
2.0000000000e+00 3.0000000000e+00
-inf inf
1
1
2
4.3900768375e-01
-1.3097742244e-02
AMTX
22
5:6:8:9:10
BARREL
RPHI
FLOATPT
2.0000000000e+00 3.0000000000e+00
-inf inf
1
8
10
-6.0574573697e+01
1.7779176930e-01
3.3326640598e+02
-8.4272785561e-01
-1.7002543943e+03
4.0577038156e+00
2.4880567626e+03
-6.0207580128e+00
-1.0604893324e+03
2.6194706834e+00
-7.7646871555e+02
1.8307621868e+00
1.8749964583e+03
-4.4015648884e+00
-1.3561349892e+03
3.2491005331e+00
-7.6213039456e+02
1.8419666027e+00
1.0197727927e+03
-2.4223565122e+00
5.8578288540e+02
-1.3887491725e+00
-3.8216601930e+02
9.1965897437e-01
-5.0141091884e+02
1.1980323108e+00
-1.0535981329e+02
2.5695428990e-01
4.0315155876e+02
-1.0088658592e+00
-2.9395997699e+01
7.0071284272e-02
-2.0376972792e+01
3.6239822371e-02
2.3438308182e+00
6.8362878596e-03
1.6689224519e+01
-4.5267584186e-02
3.0673031205e+01
-6.8195631533e-02
-2.6511868197e-02
8.8034290598e-01
-2.9352467630e-02
-3.1224786464e-01
-2.9987576638e-02
-5.7416607709e-01
-2.8806375303e-02
-6.9220727375e-02
-2.7978174238e-02
2.6129546848e-01
4.2636935620e-02
-3.9916253012e-01
4.2154123254e-02
-5.7423049727e-01
4.3445395116e-02
1.4613038908e-03
4.2555955786e-02
-3.4116426758e-01
4.4800812702e-02
5.9500040569e-01
-6.1702408000e-02
-8.0264398919e-02
-6.1428767244e-02
4.8092659476e-02
-6.1582526747e-02
-1.2619361328e-02
-5.9590716740e-02
8.1764201283e-01
-6.0402286598e-02
4.8350248790e-01
1.5658235282e-01
-3.5557541934e-01
1.5721899737e-01
-1.2441294420e-01
1.5607169472e-01
-6.7708607053e-01
1.5829032008e-01
1.9806787357e-01
1.5719130918e-01
-3.0029171579e-01
KVEC
22
5:6:8:9:10
BARREL
RPHI
FLOATPT
2.0000000000e+00 3.0000000000e+00
-inf inf
1
1
8
9.3189242408e-01
7.2445391739e+00
-3.3006017913e+00
5.8007350374e-01
-8.1244816100e+00
4.2095912003e+00
1.2382542840e+02
-7.4433548599e+01
CMTX
22
5:6:8:9:10
BARREL
RPHI
FLOATPT
2.0000000000e+00 3.0000000000e+00
-inf inf
-1
2
10
1.5388076843e+00
3.5606682908e-03
-2.2180179522e+00
-5.1518390754e-03
-3.1606996507e+00
-7.4533142276e-03
-3.6773516840e-01
-8.7954151421e-04
4.2075798934e+00
1.0242857857e-02
-1.2708018215e+00
-2.9706217420e-03
1.8685625038e+00
4.3669369211e-03
1.7863546265e+00
4.2164297165e-03
3.0074892054e-01
7.2391209678e-04
-1.6848737828e+00
-4.0897479516e-03
QVEC
22
5:6:8:9:10
BARREL
RPHI
FLOATPT
2.0000000000e+00 3.0000000000e+00
-inf inf
-1
1
2
-4.3677717266e-01
8.4559488307e-03
AMTX
22
5:6:8:9:10
BARREL
RPHI
FLOATPT
2.0000000000e+00 3.0000000000e+00
-inf inf
-1
8
10
-6.4835880438e+01
-1.9134191678e-01
3.4754750636e+02
8.1489636044e-01
-1.7286483700e+03
-4.1410135524e+00
2.4944386949e+03
6.0300102158e+00
-1.0485399583e+03
-2.5763028207e+00
7.6226213096e+02
1.7982059881e+00
-1.8321744998e+03
-4.3504385038e+00
1.3155462283e+03
3.1656137359e+00
7.6284608512e+02
1.8509136666e+00
-1.0084814843e+03
-2.4720601190e+00
-5.8565798218e+02
-1.3672973322e+00
3.8135718265e+02
8.9036062603e-01
4.9898534706e+02
1.1751322769e+00
1.0812227359e+02
2.6218540051e-01
-4.0280221053e+02
-9.7818908418e-01
2.9374498404e+01
6.9271530897e-02
2.0488301496e+01
5.2365846292e-02
-2.3885738320e+00
-7.4220064973e-04
-1.6670236630e+01
-4.7327811891e-02
-3.0745497560e+01
-4.3698538958e-02
-6.8466208783e-02
-9.0237696408e-01
-6.9499847208e-02
-4.4381080941e-01
-7.1368077777e-02
3.7495373294e-01
-7.0133644366e-02
-1.2777892449e-01
-7.1267847640e-02
3.5935035594e-01
5.9632301870e-02
-2.6672280876e-01
5.7939084737e-02
4.4333854536e-01
5.7486847244e-02
5.8184509098e-01
5.8215644072e-02
2.4055639595e-01
6.0155654143e-02
-5.8653263411e-01
-8.7989998737e-02
-7.2803358501e-02
-8.8113938447e-02
-3.1786142043e-02
-8.7872940990e-02
-1.5845256170e-01
-9.0470856681e-02
9.0173075458e-01
-8.8758481292e-02
1.7737901416e-01
-2.0474387078e-01
-3.9960160814e-01
-2.0643161287e-01
2.7881708677e-01
-2.0462941014e-01
-5.6043630797e-01
-2.0573533782e-01
-1.5684157920e-01
-2.0543003031e-01
-3.3057194619e-01
KVEC
22
5:6:8:9:10
BARREL
RPHI
FLOATPT
2.0000000000e+00 3.0000000000e+00
-inf inf
-1
1
8
-3.2081700198e+00
-1.2440678458e+00
-1.7956181779e+00
2.9198679797e+00
1.7215567450e+01
7.0748936419e+00
8.5852544319e+01
-8.5629859763e+01
CMTX
22
5:6:7:9:10
BARREL
RPHI
FLOATPT
2.0000000000e+00 3.0000000000e+00
-inf inf
1
2
10
1.7332835140e+00
-4.1526561825e-03
-1.9755514302e+00
4.8623638703e-03
-2.6451276658e+00
6.2902932589e-03
-8.0962420767e-01
1.9714137925e-03
3.6971943178e+00
-9.1597937216e-03
-1.3725448021e+00
3.2706046293e-03
1.6226984616e+00
-3.9236107818e-03
1.6646666504e+00
-3.9699705861e-03
4.2496656438e-01
-1.0356319148e-03
-1.3398608166e+00
3.3618613266e-03
QVEC
22
5:6:7:9:10
BARREL
RPHI
FLOATPT
2.0000000000e+00 3.0000000000e+00
-inf inf
1
1
2
4.3643498337e-01
-1.0974198182e-02
AMTX
22
5:6:7:9:10
BARREL
RPHI
FLOATPT
2.0000000000e+00 3.0000000000e+00
-inf inf
1
8
10
2.1440289382e+02
-5.2323243264e-01
-1.2307480794e+03
2.9590889259e+00
1.9118116360e+03
-4.5366568068e+00
-1.9953350296e+03
4.8313622381e+00
1.0998641547e+03
-2.7483982403e+00
7.0812006447e+02
-1.6554042139e+00
-1.9177845967e+03
4.4925235050e+00
8.5614090680e+02
-2.0265958764e+00
1.4660469217e+03
-3.5448036051e+00
-1.1125528606e+03
2.6510219542e+00
-6.0010012822e+02
1.4260155725e+00
2.6232445867e+02
-6.3434323442e-01
5.1811402059e+02
-1.2341109712e+00
1.1006555498e+02
-2.6732413125e-01
-2.9039941708e+02
7.2868987282e-01
2.6223959205e+01
-6.4723777985e-02
1.7451513893e+01
-2.8335727349e-02
7.3903755574e+00
-1.4258216324e-02
-1.8681784439e+01
4.9907327656e-02
-3.2321773146e+01
7.1514198380e-02
-6.4392287757e-02
9.5169798752e-01
-6.7474566689e-02
-3.2295836698e-01
-6.6678706552e-02
3.5007836593e-02
-6.7190909486e-02
-1.1342485741e-01
-6.6271625266e-02
2.8355674085e-01
1.6764783509e-02
-1.2012396158e-01
1.6209892870e-02
-3.3736241271e-01
1.5470034521e-02
-6.4382935557e-01
1.8343308909e-02
5.8010623807e-01
1.7780108386e-02
3.5026809432e-01
4.5867625217e-02
-3.7360186019e-01
4.5473774841e-02
-5.1491564267e-01
4.6953824948e-02
1.1806860727e-01
4.5247654337e-02
-5.4724733385e-01
4.7732550022e-02
4.8812542865e-01
-1.0848214125e-01
-7.7348846137e-02
-1.0744690205e-01
3.7568400122e-01
-1.0731191934e-01
4.2805169160e-01
-1.0761391255e-01
3.1093849955e-01
-1.0684888265e-01
6.3311325748e-01
KVEC
22
5:6:7:9:10
BARREL
RPHI
FLOATPT
2.0000000000e+00 3.0000000000e+00
-inf inf
1
1
8
-4.8410417163e+00
-6.7811209025e+00
2.5650996894e+00
3.4626307051e-01
3.2811338673e+01
4.1739469711e+01
-1.7011771887e+01
1.2953302244e+02
CMTX
22
5:6:7:9:10
BARREL
RPHI
FLOATPT
2.0000000000e+00 3.0000000000e+00
-inf inf
-1
2
10
1.7005789820e+00
4.0075653170e-03
-1.8823422107e+00
-4.3870484333e-03
-2.6923072390e+00
-6.4154346506e-03
-8.6886117583e-01
-2.0883522631e-03
3.7427904249e+00
9.1373926849e-03
-1.3312854832e+00
-3.1489736295e-03
1.4950187756e+00
3.5012476862e-03
1.7544996059e+00
4.1726992144e-03
4.4802336668e-01
1.0792109620e-03
-1.3662138966e+00
-3.3299741888e-03
QVEC
22
5:6:7:9:10
BARREL
RPHI
FLOATPT
2.0000000000e+00 3.0000000000e+00
-inf inf
-1
1
2
-4.3128321121e-01
6.0377228328e-03
AMTX
22
5:6:7:9:10
BARREL
RPHI
FLOATPT
2.0000000000e+00 3.0000000000e+00
-inf inf
-1
8
10
8.0770774225e+01
2.0319831827e-01
-8.6512136894e+02
-2.0219413109e+00
1.7379519271e+03
4.1280767982e+00
-2.2181915929e+03
-5.3624687632e+00
1.2646686920e+03
3.0843520465e+00
-7.0953535334e+02
-1.6566610749e+00
1.9932312708e+03
4.7203342564e+00
-1.0731128868e+03
-2.5477775443e+00
-1.1235175483e+03
-2.7221858607e+00
9.1291654315e+02
2.2517533539e+00
-6.0050501373e+02
-1.4124795020e+00
2.6272202071e+02
6.1492766187e-01
5.1688940575e+02
1.2272487150e+00
1.1371536503e+02
2.7571077573e-01
-2.9280129833e+02
-7.1503167219e-01
2.6244854497e+01
6.2790962442e-02
1.7592419777e+01
4.5083942723e-02
7.2959883828e+00
1.0648053407e-02
-1.8667535701e+01
-5.1691382578e-02
-3.2410529625e+01
-4.7790665690e-02
1.0935094164e-01
8.5396511814e-01
1.1017980724e-01
4.9168737436e-01
1.1149482957e-01
-7.7811113448e-02
1.1082083377e-01
1.8195271914e-01
1.1230048103e-01
-4.4404930396e-01
-8.6369257349e-02
-2.6677805679e-01
-8.8226271294e-02
4.9964841231e-01
-8.8674422020e-02
6.5845456137e-01
-8.6467864946e-02
-3.3502427026e-01
-8.6583767513e-02
-3.2136046487e-01
6.0262769478e-02
4.5946657180e-01
6.1864761082e-02
-1.9469247318e-01
6.0903566873e-02
2.4725874779e-01
6.3300790572e-02
-6.6258022909e-01
6.0752870157e-02
4.2985527416e-01
-8.7131732625e-02
1.6710334120e-01
-8.7132475458e-02
1.7601185277e-01
-8.7681994968e-02
4.2206665175e-01
-8.7914974967e-02
5.4093647759e-01
-8.7926666328e-02
5.5468014862e-01
KVEC
22
5:6:7:9:10
BARREL
RPHI
FLOATPT
2.0000000000e+00 3.0000000000e+00
-inf inf
-1
1
8
1.0943579157e+00
3.6877494977e+00
-1.0444029828e+00
2.2801646935e+00
4.5466178722e-01
-1.8702315711e+01
3.3939575485e+00
1.3960966445e+02
CMTX
22
5:6:7:8:10
BARREL
RPHI
FLOATPT
2.0000000000e+00 3.0000000000e+00
-inf inf
1
2
10
1.4823970579e+00
-3.5358762469e-03
-1.5110006705e+00
3.7556805029e-03
-1.4634459780e+00
3.4666137545e-03
-2.4031879900e+00
5.7266708478e-03
3.8954344390e+00
-9.6211623253e-03
-1.2478888195e+00
2.9645713887e-03
1.3899859626e+00
-3.3689723938e-03
1.0772621177e+00
-2.5663353793e-03
1.2090698986e+00
-2.8851701560e-03
-1.4285140680e+00
3.5670561241e-03
QVEC
22
5:6:7:8:10
BARREL
RPHI
FLOATPT
2.0000000000e+00 3.0000000000e+00
-inf inf
1
1
2
4.3837547366e-01
-1.1802813208e-02
AMTX
22
5:6:7:8:10
BARREL
RPHI
FLOATPT
2.0000000000e+00 3.0000000000e+00
-inf inf
1
8
10
2.3042273678e+02
-5.3513332073e-01
-1.2620778278e+03
2.9907990009e+00
2.3934727281e+03
-5.6917580473e+00
-1.6548509509e+03
3.9720449610e+00
2.9303146914e+02
-7.6738441861e-01
7.7464828155e+02
-1.8359433359e+00
-1.9687509437e+03
4.6420970319e+00
1.4239028329e+02
-3.1906686698e-01
1.7004076771e+03
-4.0688780145e+00
-6.4873187311e+02
1.5072206670e+00
5.5598502030e+02
-1.3184487252e+00
-1.7338863532e+02
4.2269971200e-01
-3.9210606931e+02
9.3249583111e-01
-3.0226013794e+02
7.1890807124e-01
3.1176873626e+02
-7.7660541543e-01
2.7564170529e+01
-6.5103272237e-02
1.7238472311e+01
-2.9228831969e-02
5.3995467078e+00
-9.0694129604e-03
-8.8171736975e+00
8.6990967754e-03
-4.1326125265e+01
9.4324165411e-02
-2.8184412266e-02
8.8210414160e-01
-3.1012874941e-02
-3.0658925052e-01
-3.0305538014e-02
-1.0698987830e-02
-3.1657402218e-02
-5.7554392317e-01
-2.9630518206e-02
2.6359817466e-01
5.3106456874e-02
-3.7313760056e-01
5.2529487244e-02
-5.8887182687e-01
5.2866564543e-02
-4.3710286341e-01
5.3821185572e-02
-1.5938056367e-02
5.5091151331e-02
5.4180600424e-01
-9.4991173989e-02
-9.4032939646e-02
-9.4520293297e-02
1.2668613871e-01
-9.3302547353e-02
6.4271498600e-01
-9.4644571263e-02
9.4559121632e-02
-9.3383693596e-02
6.4070008398e-01
1.3645211194e-01
-3.9563272690e-01
1.3758128682e-01
4.8628727196e-02
1.3813683538e-01
2.4769105208e-01
1.3590850071e-01
-7.2259941794e-01
1.3758791176e-01
-1.0873031373e-01
KVEC
22
5:6:7:8:10
BARREL
RPHI
FLOATPT
2.0000000000e+00 3.0000000000e+00
-inf inf
1
1
8
-4.9163273947e+00
-6.6780305123e+00
-2.7151363647e+00
-7.8941431963e-01
-2.1283274576e+00
5.4357265475e+00
1.1080895735e+02
-5.6598271759e+01
CMTX
22
5:6:7:8:10
BARREL
RPHI
FLOATPT
2.0000000000e+00 3.0000000000e+00
-inf inf
-1
2
10
1.4671998781e+00
3.4052049873e-03
-1.4467110247e+00
-3.3426525616e-03
-1.5824845943e+00
-3.7696584217e-03
-2.3152344177e+00
-5.4434594310e-03
3.8771156463e+00
9.4499309078e-03
-1.2170105493e+00
-2.8536113325e-03
1.2797184568e+00
2.9851517142e-03
1.2109225141e+00
2.8769138721e-03
1.1486885801e+00
2.7005478951e-03
-1.4222894763e+00
-3.4591239605e-03
QVEC
22
5:6:7:8:10
BARREL
RPHI
FLOATPT
2.0000000000e+00 3.0000000000e+00
-inf inf
-1
1
2
-4.3576052630e-01
8.4303006101e-03
AMTX
22
5:6:7:8:10
BARREL
RPHI
FLOATPT
2.0000000000e+00 3.0000000000e+00
-inf inf
-1
8
10
6.4669727955e+01
1.2061870947e-01
-8.2085640692e+02
-1.9184292565e+00
2.2975938161e+03
5.4634996246e+00
-1.9496283984e+03
-4.6471934841e+00
4.0828351644e+02
9.7312495625e-01
-7.8428398867e+02
-1.8545180763e+00
2.0805781362e+03
4.9310150241e+00
-5.0364643358e+02
-1.1917495636e+00
-1.3738361417e+03
-3.3100370001e+00
5.8116409872e+02
1.4288334145e+00
-5.5604072598e+02
-1.3006095073e+00
1.7325499645e+02
4.0154995282e-01
3.9119949382e+02
9.2754936079e-01
3.0417287284e+02
7.1247302227e-01
-3.1256975581e+02
-7.6147431383e-01
-2.7563012882e+01
-6.4810567342e-02
-1.7392577505e+01
-4.4661264486e-02
-5.2928747270e+00
-5.6744907909e-03
8.8333174273e+00
1.6609662911e-02
4.1363925553e+01
6.9843992809e-02
-7.3015430588e-02
-9.1275144591e-01
-7.4128524596e-02
-4.2190192372e-01
-7.5225271199e-02
5.3771775010e-02
-7.5989204296e-02
3.8890238462e-01
-7.5847914075e-02
3.5052278948e-01
1.9972521174e-02
-2.5642078026e-01
1.8031800516e-02
5.5317164029e-01
1.8469006176e-02
3.3552133000e-01
1.8067616289e-02
4.7763849486e-01
2.0396060291e-02
-5.6303424590e-01
-1.9336315440e-01
-1.1243874921e-01
-1.9419750925e-01
2.2223688114e-01
-1.9524212347e-01
6.4980248239e-01
-1.9257842141e-01
-4.8835294221e-01
-1.9436665788e-01
2.0979158207e-01
1.1892514158e-01
3.6476611056e-01
1.1980652199e-01
2.5217652796e-02
1.1897015807e-01
4.1534710633e-01
1.1893884059e-01
4.6858649034e-01
1.1902902875e-01
5.2376623392e-01
KVEC
22
5:6:7:8:10
BARREL
RPHI
FLOATPT
2.0000000000e+00 3.0000000000e+00
-inf inf
-1
1
8
-5.6873568384e-01
1.2838761574e+00
-2.0424075032e+00
-3.1181395290e+00
3.1807727708e+01
2.5972372262e+00
2.8742125527e+01
1.1789754529e+02
CMTX
22
5:6:7:8:9
BARREL
RPHI
FLOATPT
2.0000000000e+00 3.0000000000e+00
-inf inf
1
2
10
2.1050559668e+00
-4.9389593089e-03
-2.6497359145e+00
6.2799153035e-03
-3.2784827210e+00
7.7829295530e-03
-1.8678490346e+00
4.4051973922e-03
5.6911607463e+00
-1.3757458582e-02
-1.4732780908e+00
3.4704687929e-03
1.7995555052e+00
-4.2725285800e-03
1.7489575035e+00
-4.1631253993e-03
1.0126872853e+00
-2.3982496536e-03
-2.0879873579e+00
5.0439947423e-03
QVEC
22
5:6:7:8:9
BARREL
RPHI
FLOATPT
2.0000000000e+00 3.0000000000e+00
-inf inf
1
1
2
4.3038429659e-01
-4.6378413035e-03
AMTX
22
5:6:7:8:9
BARREL
RPHI
FLOATPT
2.0000000000e+00 3.0000000000e+00
-inf inf
1
8
10
1.8243203265e+02
-4.1191051770e-01
-1.0335312244e+03
2.4325110786e+00
2.1760202196e+03
-5.1789519274e+00
-1.9715606672e+03
4.7238925534e+00
6.4663762630e+02
-1.5596908159e+00
-6.7081736657e+02
1.5973201913e+00
2.0052273994e+03
-4.7484192401e+00
-7.5924464472e+02
1.7854560681e+00
-1.6113656954e+03
3.8527548888e+00
1.0362365137e+03
-2.5093687777e+00
6.4482562324e+02
-1.5231579508e+00
-3.5346852094e+02
8.3429443185e-01
-5.2097710524e+02
1.2396467616e+00
-1.9182035931e+02
4.5143935471e-01
4.2143183105e+02
-1.0186598735e+00
-3.9999265957e+01
9.4808711772e-02
-2.2932649650e+01
4.1362344266e-02
-3.5012227400e+00
4.9573236252e-03
1.9749748144e+01
-3.4688398508e-02
4.6628960770e+01
-1.1764559458e-01
-2.3383306823e-02
9.1896581723e-01
-2.6157656208e-02
-2.5920376018e-01
-2.5473547291e-02
2.6643069648e-02
-2.6896899756e-02
-5.7496376687e-01
-2.5726430906e-02
-8.4613076506e-02
1.7018019394e-02
1.7195421617e-03
1.6678555205e-02
-1.4266276242e-01
1.5424833412e-02
-6.7207514529e-01
1.6857092112e-02
-7.3616880155e-02
1.8772642199e-02
7.1875802118e-01
1.0779357429e-01
-2.9115219679e-01
1.0676344621e-01
-7.1775253422e-01
1.0777450029e-01
-2.8170781730e-01
1.0814571788e-01
-1.1547222044e-01
1.0735079986e-01
-4.2968732996e-01
-1.1830908296e-01
3.7336572190e-01
-1.1982513334e-01
-2.3606201824e-01
-1.1972421854e-01
-1.5577455831e-01
-1.1767953838e-01
7.3766414780e-01
-1.1981203748e-01
-1.0381158255e-01
KVEC
22
5:6:7:8:9
BARREL
RPHI
FLOATPT
2.0000000000e+00 3.0000000000e+00
-inf inf
1
1
8
1.7027667867e-02
-2.3490211961e+00
-1.3417575249e+00
-3.0756201749e-01
-3.3584898873e+01
1.9538511167e+01
-9.2941169395e+01
3.4094293911e+01
CMTX
22
5:6:7:8:9
BARREL
RPHI
FLOATPT
2.0000000000e+00 3.0000000000e+00
-inf inf
-1
2
10
2.0912782926e+00
4.8383550558e-03
-2.5442558879e+00
-6.0049174791e-03
-3.4896335725e+00
-8.3039210617e-03
-1.7326432012e+00
-4.0565866824e-03
5.6750168237e+00
1.3737029938e-02
-1.4466981143e+00
-3.3806154398e-03
1.6853873788e+00
3.9700851485e-03
1.9121758381e+00
4.5440236575e-03
9.2635737234e-01
2.1711712296e-03
-2.0771471966e+00
-5.0269071846e-03
QVEC
22
5:6:7:8:9
BARREL
RPHI
FLOATPT
2.0000000000e+00 3.0000000000e+00
-inf inf
-1
1
2
-4.3234201342e-01
7.8421884654e-03
AMTX
22
5:6:7:8:9
BARREL
RPHI
FLOATPT
2.0000000000e+00 3.0000000000e+00
-inf inf
-1
8
10
-8.2145329598e+00
-6.2276120994e-02
-4.5086163448e+02
-1.0524127128e+00
1.8927098873e+03
4.5032612577e+00
-2.3255558197e+03
-5.5524150560e+00
8.9195659911e+02
2.1547542230e+00
-6.7324056607e+02
-1.5938415939e+00
2.1211483802e+03
5.0167192807e+00
-1.2201805170e+03
-2.8944400295e+00
-1.0764317712e+03
-2.6016782124e+00
8.4865002316e+02
2.0458928101e+00
6.4832478439e+02
1.5153465714e+00
-3.5968491427e+02
-8.4832106060e-01
-5.1889011983e+02
-1.2310297282e+00
-1.9266955528e+02
-4.4503961792e-01
4.2289309085e+02
1.0222637766e+00
-4.0034957296e+01
-9.6282948089e-02
-2.3195678826e+01
-6.3256963350e-02
-3.2995251087e+00
-1.2007020985e-03
1.9841142365e+01
4.2663118025e-02
4.6638740176e+01
1.1852723599e-01
6.3760848143e-02
9.5657528221e-01
6.5262554298e-02
3.1734053756e-01
6.6276936041e-02
-9.8470449133e-02
6.7157198470e-02
-4.5877907043e-01
6.5809770335e-02
1.2676225381e-01
-8.6942618269e-02
-2.2864490393e-02
-8.7902672995e-02
3.7650005570e-01
-8.8736738029e-02
7.2123181521e-01
-8.6683662961e-02
-1.4878610670e-01
-8.5805241667e-02
-5.2237405306e-01
8.4605590756e-02
4.8733690045e-02
8.3435998388e-02
5.6303226487e-01
8.4352437596e-02
1.8487933252e-01
8.3342670363e-02
6.2495381083e-01
8.3887634130e-02
4.1086675986e-01
2.0153231030e-01
2.7968232995e-01
2.0270886802e-01
-1.9322691030e-01
2.0258405692e-01
-1.1587097497e-01
2.0130619252e-01
4.5095531871e-01
2.0395261807e-01
-6.0890785562e-01
KVEC
22
5:6:7:8:9
BARREL
RPHI
FLOATPT
2.0000000000e+00 3.0000000000e+00
-inf inf
-1
1
8
9.8690767249e-01
-1.2330724023e+00
1.7303570024e+00
4.3802458899e-01
7.4866320116e+00
-6.4504876306e+00
1.0890644330e+02
-3.0717778886e+01
