CMTX
27
5:6:7:8:9:10
BARREL
RPHI
FLOATPT
2.0000000000e+00 3.0000000000e+00
-inf inf
1
2
12
1.3049938773e+00
-3.0243019855e-03
-1.0248382427e+00
2.4684551854e-03
-1.7303500898e+00
4.1458768729e-03
-2.5676930060e+00
6.1259933721e-03
9.1021138136e-02
-2.2342208773e-04
3.9269187522e+00
-9.6097204527e-03
-1.1748530559e+00
2.7599541018e-03
1.1624459970e+00
-2.7619675896e-03
1.1880747627e+00
-2.8433055595e-03
1.3220879131e+00
-3.1488130353e-03
-3.7771041435e-02
9.0158674702e-05
-1.4600096361e+00
3.5760895375e-03
QVEC
27
5:6:7:8:9:10
BARREL
RPHI
FLOATPT
2.0000000000e+00 3.0000000000e+00
-inf inf
1
1
2
4.2918605841e-01
-2.3766498744e+00
AMTX
27
5:6:7:8:9:10
BARREL
RPHI
FLOATPT
2.0000000000e+00 3.0000000000e+00
-inf inf
1
10
12
-3.2575104632e+02
7.0295463871e-01
1.3762619099e+03
-3.2534718036e+00
-2.2132030052e+03
5.2505030420e+00
1.8109141201e+03
-4.3029026832e+00
-8.6424827443e+02
2.1054297888e+00
2.1611100511e+02
-5.1232319418e-01
1.6533158316e+02
-4.0764525866e-01
-9.2639302767e+02
2.1909297689e+00
1.1519906137e+03
-2.7425288025e+00
8.5891650999e+02
-2.0707996150e+00
-2.4001973725e+03
5.8057376900e+00
1.1504005519e+03
-2.8290452399e+00
-7.4592323067e+02
1.7886920474e+00
1.7430091004e+03
-4.1377420622e+00
2.5416929387e+02
-6.0233027300e-01
-1.5958592306e+03
3.8408140179e+00
-6.8143707355e+02
1.6532695624e+00
1.0260437177e+03
-2.5137998320e+00
5.5608360261e+02
-1.3064862510e+00
-1.7574781874e+02
4.1692354197e-01
-3.8723775671e+02
9.2419908710e-01
-2.9184177639e+02
6.8926228842e-01
-2.7698186027e+01
7.1247021134e-02
3.2643498218e+02
-7.9533806271e-01
2.6788600392e+01
-7.2452732650e-02
1.8202557563e+01
-4.3177373386e-02
8.0366680716e+00
-3.0111191777e-02
-3.9187216042e+00
1.0897528633e-02
-1.7731602407e+01
8.1578333911e-03
-3.1308869102e+01
8.4242781375e-02
4.0954165437e-02
-8.5845238296e-01
4.2008755879e-02
-4.1524775442e-01
4.3256402085e-02
8.9990793256e-02
4.4334876962e-02
5.3229719230e-01
4.3090052260e-02
-1.9409288579e-02
4.2310623010e-02
-3.5585989454e-01
2.5079918358e-03
4.1658233787e-01
2.3535154722e-04
-5.3605907778e-01
2.7454430159e-03
5.4080761520e-01
1.0470117199e-03
-1.6625788357e-01
9.6592976067e-04
-1.7396747816e-01
1.6722225644e-04
-4.8093818503e-01
-1.8884170258e-02
9.9145547032e-02
-1.9707994693e-02
-2.0842288175e-01
-2.0264362252e-02
-3.9248509586e-01
-1.9792899651e-02
-1.3683283572e-01
-1.7751617411e-02
7.7402280924e-01
-2.0655244569e-02
-3.5614532075e-01
-1.2294857738e-01
3.2174725537e-01
-1.2322187440e-01
2.0881728792e-01
-1.2457930395e-01
-3.6208628362e-01
-1.2249820344e-01
5.0403812490e-01
-1.2442858244e-01
-2.9618603106e-01
-1.2475759207e-01
-4.3029534430e-01
-2.0675230359e-02
2.3594616903e-01
-2.1085000999e-02
9.7355019644e-02
-2.0319448814e-02
4.5181801199e-01
-2.0127543886e-02
5.7165683530e-01
-2.0565742689e-02
4.3708336980e-01
-2.1133011681e-02
2.4787336180e-01
KVEC
27
5:6:7:8:9:10
BARREL
RPHI
FLOATPT
2.0000000000e+00 3.0000000000e+00
-inf inf
1
1
10
3.4210565962e+00
-3.7328435416e+00
-1.4121538261e-01
-7.9313628374e-01
-2.6083539480e+00
-3.3122932335e+01
-6.0681473093e+01
-4.3296707661e+00
-4.2431149733e+01
1.3602426454e+02
CMTX
27
5:6:7:8:9:10
BARREL
RPHI
FLOATPT
2.0000000000e+00 3.0000000000e+00
-inf inf
-1
2
12
1.4654799419e+00
3.3592438951e-03
-1.4417445695e+00
-3.3437012132e-03
-1.5954585730e+00
-3.7973353148e-03
-2.3445731290e+00
-5.5599975516e-03
7.9836507327e-02
1.6839581353e-04
3.8365976913e+00
9.3347094843e-03
-1.2805386372e+00
-2.9770311536e-03
1.3987597559e+00
3.2793562725e-03
1.1803187454e+00
2.8068204282e-03
1.1418410502e+00
2.7103429895e-03
-5.4328289899e-02
-1.1491517987e-04
-1.3861168211e+00
-3.3439340986e-03
QVEC
27
5:6:7:8:9:10
BARREL
RPHI
FLOATPT
2.0000000000e+00 3.0000000000e+00
-inf inf
-1
1
2
-4.2742287168e-01
-2.3696773997e+00
AMTX
27
5:6:7:8:9:10
BARREL
RPHI
FLOATPT
2.0000000000e+00 3.0000000000e+00
-inf inf
-1
10
12
-9.4834881443e+01
-1.9973108843e-01
5.6330512140e+02
1.3378332823e+00
-1.5510950533e+03
-3.6832632690e+00
2.2321386805e+03
5.3416358405e+00
-1.6556761811e+03
-3.9975678747e+00
5.0613481072e+02
1.2656909291e+00
9.0209915077e+01
2.6100656332e-01
4.3074200489e+02
1.0109739264e+00
-1.7400534924e+03
-4.1307937139e+00
5.1534571790e+02
1.2289892883e+00
2.0536309981e+03
4.9727464634e+00
-1.3499302735e+03
-3.2989814085e+00
8.0174477136e+02
1.8974403912e+00
-2.1341063635e+03
-5.0531582681e+00
5.7502110344e+02
1.3617506750e+00
1.2400834513e+03
2.9603432098e+00
1.6355661201e+02
3.7251311992e-01
-6.4635495667e+02
-1.6383241655e+00
-5.5524666614e+02
-1.2990409162e+00
1.7067967913e+02
3.9195412432e-01
3.8842216368e+02
9.2525941865e-01
2.9776897325e+02
7.0294690082e-01
2.6978119491e+01
6.5330850828e-02
-3.2860073960e+02
-7.9173945716e-01
-2.6975484818e+01
-6.2627377558e-02
-1.8229938251e+01
-4.3954081560e-02
-8.1277937926e+00
-3.9315719959e-02
3.9050577751e+00
-1.0567884576e-03
1.7854295036e+01
1.3637358653e-02
3.1509411335e+01
5.7000206255e-02
-2.5281355114e-02
-8.8427684543e-01
-2.7992287375e-02
2.8693358364e-01
-2.7636022283e-02
1.5459854928e-01
-2.8605600883e-02
5.8820606797e-01
-2.7166544378e-02
1.0479937472e-02
-2.7393605945e-02
1.1924263357e-01
9.7127661187e-02
-2.6491820696e-01
9.7859367490e-02
-5.7295637622e-01
9.8103817315e-02
-6.7950789723e-01
9.6160700755e-02
1.3829051933e-01
9.5627928170e-02
3.5184317705e-01
9.7164468789e-02
-2.8449527773e-01
-7.7082632468e-02
2.2117509915e-03
-7.6728425984e-02
-1.8074208707e-01
-7.7641101138e-02
1.4080920373e-01
-7.7909995177e-02
1.8907553366e-01
-7.6304861433e-02
-5.5103583894e-01
-7.6039838814e-02
-7.2138237751e-01
8.5894270309e-03
2.5550594416e-01
8.6978283015e-03
2.4261649822e-01
8.6846109107e-03
2.8211919048e-01
8.7963684754e-03
2.7160224061e-01
7.9691138982e-03
6.5513604283e-01
1.0739708464e-02
-4.3988435312e-01
-5.2002162590e-02
-3.9753613306e-01
-5.2153207807e-02
-3.2657785452e-01
-5.3974320207e-02
4.4578975853e-01
-5.1572297277e-02
-5.4965040698e-01
-5.3429420934e-02
2.3438822597e-01
-5.2538161822e-02
-1.2181155010e-01
KVEC
27
5:6:7:8:9:10
BARREL
RPHI
FLOATPT
2.0000000000e+00 3.0000000000e+00
-inf inf
-1
1
10
4.3422110337e+00
2.6865497327e-01
-1.0518452043e+01
-5.8059046874e-01
-6.2973335243e+00
5.1733915410e+01
-5.0448200059e+01
-1.1316490548e+02
5.7942080366e+01
-2.8297926693e+01
CMTX
27
6:7:8:9:10
BARREL
RPHI
FLOATPT
2.0000000000e+00 3.0000000000e+00
-inf inf
1
2
10
1.5854381721e+00
-3.7254689837e-03
-2.3979934109e+00
5.7275407749e-03
-3.3161359802e+00
7.9705688644e-03
-4.0504143735e-01
9.8564758517e-04
4.5338270881e+00
-1.1093077680e-02
-1.1866885654e+00
2.8087960620e-03
1.7848889484e+00
-4.2580139210e-03
2.0018111393e+00
-4.8173110578e-03
4.0623289051e-01
-9.9217327015e-04
-2.0062990158e+00
4.9095665417e-03
QVEC
27
6:7:8:9:10
BARREL
RPHI
FLOATPT
2.0000000000e+00 3.0000000000e+00
-inf inf
1
1
2
4.2753576851e-01
-2.3743919640e+00
AMTX
27
6:7:8:9:10
BARREL
RPHI
FLOATPT
2.0000000000e+00 3.0000000000e+00
-inf inf
1
8
10
4.4484937824e+02
-1.0395925031e+00
-1.7076962458e+03
4.0499078860e+00
2.3313099288e+03
-5.5751134862e+00
-1.3759879345e+03
3.3407951489e+00
3.0760041806e+02
-7.3794629896e-01
7.0825775423e+02
-1.6695938127e+00
-1.7062080093e+03
4.0568725892e+00
8.1337063201e+01
-1.8058463869e-01
2.1978747830e+03
-5.3138624316e+00
-1.2812883963e+03
3.1537978520e+00
-1.0601273400e+03
2.5154579639e+00
5.8354467946e+02
-1.3894861744e+00
9.1765176150e+02
-2.2077688345e+00
3.1809493281e+02
-7.7659473928e-01
-7.5917299575e+02
1.8534131380e+00
-3.6454318061e+01
8.5526463923e-02
-2.0771476069e+01
5.9938151997e-02
-2.2568978547e+00
5.2471868847e-03
1.9165673940e+01
-1.1656239499e-02
4.0241848221e+01
-1.0640860974e-01
-3.2676042375e-03
6.5027415427e-01
-5.7489542269e-03
-4.0880541075e-01
-5.5375905833e-03
-3.2566056915e-01
-4.4791838637e-03
9.8513054838e-02
-3.1166948519e-03
6.3921238781e-01
1.2325490043e-01
-2.0019843043e-02
1.2482777633e-01
6.0147100661e-01
1.2257461033e-01
-3.9332057131e-01
1.2235586992e-01
-5.3638280912e-01
1.2450066793e-01
2.9159310800e-01
-1.2059253892e-01
2.9014940757e-01
-1.2132462109e-01
-4.3934108545e-02
-1.1964071897e-01
6.3143410147e-01
-1.2256519165e-01
-6.1407792120e-01
-1.2077920810e-01
8.8876930887e-02
-5.9013015246e-02
-5.7870688548e-02
-5.9957836827e-02
-4.7375214861e-01
-5.9880874071e-02
-4.6969865292e-01
-5.9832294927e-02
-4.7727491035e-01
-5.9607017190e-02
-4.1192575963e-01
KVEC
27
6:7:8:9:10
BARREL
RPHI
FLOATPT
2.0000000000e+00 3.0000000000e+00
-inf inf
1
1
8
3.3595716332e+00
4.4654659115e+00
2.8734622556e-01
2.3557389499e+00
5.7628717539e+01
-1.2588058591e+01
5.8475698342e+00
-1.4503963257e+02
CMTX
27
6:7:8:9:10
BARREL
RPHI
FLOATPT
2.0000000000e+00 3.0000000000e+00
-inf inf
-1
2
10
1.3128634072e+00
3.1679845961e-03
-1.9619953049e+00
-4.6619251523e-03
-3.3403791813e+00
-7.9583681724e-03
-6.0744923155e-01
-1.4685059314e-03
4.5971673381e+00
1.1274910244e-02
-1.0072965551e+00
-2.4093191931e-03
1.4963722614e+00
3.5521614813e-03
2.0152717135e+00
4.8071098644e-03
5.4846039383e-01
1.3201489894e-03
-2.0529321328e+00
-5.0457969990e-03
QVEC
27
6:7:8:9:10
BARREL
RPHI
FLOATPT
2.0000000000e+00 3.0000000000e+00
-inf inf
-1
1
2
-4.4066288764e-01
-2.3583784698e+00
AMTX
27
6:7:8:9:10
BARREL
RPHI
FLOATPT
2.0000000000e+00 3.0000000000e+00
-inf inf
-1
8
10
3.5235676170e+02
8.3896907012e-01
-1.5300320659e+03
-3.6335751959e+00
2.3472928777e+03
5.6207427356e+00
-1.5872270013e+03
-3.8337902690e+00
4.1757518049e+02
1.0436651812e+00
-6.4296633602e+02
-1.5143550096e+00
1.7640901212e+03
4.1873493153e+00
-3.6379175039e+02
-8.7463781121e-01
-2.0430022620e+03
-4.9500464603e+00
1.2857195468e+03
3.1349781491e+00
-1.0626864923e+03
-2.5265528197e+00
6.2687542663e+02
1.4884374109e+00
8.7802150227e+02
2.0908630609e+00
2.7070946916e+02
6.4111576555e-01
-7.1295397857e+02
-1.7674290178e+00
3.6594322743e+01
8.6873860087e-02
2.0994111164e+01
6.9276809311e-02
2.3405582755e+00
1.5430383645e-02
-1.9317542843e+01
-1.6689877737e-02
-4.0538293617e+01
-7.8334896922e-02
-1.5533363768e-01
6.0952389674e-01
-1.5553388823e-01
6.9283167494e-01
-1.5414009811e-01
1.0095057203e-01
-1.5309730713e-01
-3.3225369916e-01
-1.5457712546e-01
2.7330906725e-01
1.2709041524e-01
3.8026364892e-01
1.2849304231e-01
-1.3600216233e-01
1.2759667433e-01
3.1770609867e-01
1.2708842785e-01
6.1430032943e-01
1.2758614344e-01
4.8681431943e-01
3.5289923165e-02
-9.2400748460e-02
3.5109942985e-02
-4.2566782823e-03
3.6996891353e-02
-7.8197604442e-01
3.5229070388e-02
-2.8395233904e-02
3.3793469652e-02
5.7092327975e-01
-3.8890345144e-02
-3.9099567432e-02
-4.0083335959e-02
4.8749293744e-01
-3.8120287208e-02
-3.0620088612e-01
-4.0297292825e-02
6.3108072119e-01
-3.7758853178e-02
-3.7863943811e-01
KVEC
27
6:7:8:9:10
BARREL
RPHI
FLOATPT
2.0000000000e+00 3.0000000000e+00
-inf inf
-1
1
8
3.1296224772e+00
-9.7864928377e-01
-6.8295700023e+00
6.3241359109e+00
6.3145665591e+01
1.3563789931e+02
2.1649010382e+00
1.7285005570e+01
CMTX
27
5:7:8:9:10
BARREL
RPHI
FLOATPT
2.0000000000e+00 3.0000000000e+00
-inf inf
1
2
10
9.5297593345e-01
-2.2027983207e-03
-2.3634325190e+00
5.6531602103e-03
-2.7506481175e+00
6.5824190054e-03
6.4397021070e-02
-1.5369293763e-04
4.0967739798e+00
-1.0025896549e-02
-7.7569578711e-01
1.8240810494e-03
1.9071073914e+00
-4.5516117985e-03
1.5286966244e+00
-3.6627646132e-03
-7.9249492607e-03
1.2323160454e-05
-1.6522240933e+00
4.0415853614e-03
QVEC
27
5:7:8:9:10
BARREL
RPHI
FLOATPT
2.0000000000e+00 3.0000000000e+00
-inf inf
1
1
2
4.2958597921e-01
-2.3753969925e+00
AMTX
27
5:7:8:9:10
BARREL
RPHI
FLOATPT
2.0000000000e+00 3.0000000000e+00
-inf inf
1
8
10
2.6325831329e+01
-1.2576469409e-01
-7.9690211570e+02
1.8841709491e+00
2.1496139924e+03
-5.1372135849e+00
-2.1396982416e+03
5.1852264942e+00
7.6075293548e+02
-1.8597120082e+00
2.6016236063e+02
-6.5166845000e-01
-1.8310165018e+03
4.3503651504e+00
1.3120805361e+03
-3.1314010646e+00
1.5457326579e+03
-3.7355655325e+00
-1.2869542891e+03
3.1653514506e+00
-4.9372040306e+02
1.1593091435e+00
4.7218005997e+02
-1.1260668759e+00
3.5013019050e+02
-8.3152196128e-01
3.9095440953e+01
-9.9820569986e-02
-3.6767947836e+02
8.9567056735e-01
-3.6404794890e+01
9.5469115960e-02
-1.3952212796e+01
4.3890936425e-02
3.4236106661e-01
-1.8604499442e-03
1.6855556995e+01
-6.0543165444e-03
3.3084968147e+01
-8.8521518452e-02
-6.5220698085e-02
9.2930524111e-01
-6.7445051224e-02
3.2110681212e-02
-6.8944560217e-02
-5.7872529166e-01
-6.7622818377e-02
1.9920543888e-02
-6.7226338363e-02
2.1275933060e-01
3.7693920952e-02
1.2113518205e-01
3.9095304049e-02
6.5625373146e-01
3.7913249917e-02
1.1871081697e-01
3.6054046259e-02
-6.8948750781e-01
3.7378123442e-02
-1.8118314213e-01
1.7215168600e-01
-3.4930614551e-01
1.7366477897e-01
2.1915179385e-01
1.7225630194e-01
-4.0540128282e-01
1.7323056320e-01
-5.1025882830e-02
1.7509903513e-01
6.6872662936e-01
1.8063881614e-01
-1.0015993823e-02
1.8152396949e-01
4.0245742775e-01
1.7987752064e-01
-2.6124107100e-01
1.8168012710e-01
5.1440560626e-01
1.7915703469e-01
-4.9019550608e-01
KVEC
27
5:7:8:9:10
BARREL
RPHI
FLOATPT
2.0000000000e+00 3.0000000000e+00
-inf inf
1
1
8
-3.4283363442e-01
3.3519739639e+00
5.9519023345e-01
2.6300037527e+00
7.5818744149e+00
-3.6249260797e+01
4.3802720427e+01
-4.1000688325e+00
CMTX
27
5:7:8:9:10
BARREL
RPHI
FLOATPT
2.0000000000e+00 3.0000000000e+00
-inf inf
-1
2
10
9.4935444317e-01
2.1501241484e-03
-2.3847180991e+00
-5.6801226987e-03
-2.6609835897e+00
-6.3187371711e-03
-2.9586239096e-02
-7.7715738968e-05
4.1260965199e+00
1.0076794706e-02
-7.7996518333e-01
-1.8033782403e-03
1.9459484625e+00
4.6275013251e-03
1.4488194589e+00
3.4439051692e-03
5.2814611590e-02
1.2757414466e-04
-1.6677048355e+00
-4.0688190064e-03
QVEC
27
5:7:8:9:10
BARREL
RPHI
FLOATPT
2.0000000000e+00 3.0000000000e+00
-inf inf
-1
1
2
-4.3075888318e-01
-2.3645175982e+00
AMTX
27
5:7:8:9:10
BARREL
RPHI
FLOATPT
2.0000000000e+00 3.0000000000e+00
-inf inf
-1
8
10
8.0646618319e+01
2.0821556904e-01
-1.1285092298e+03
-2.6816499132e+00
2.3606157005e+03
5.6477066792e+00
-1.8418873372e+03
-4.4540264970e+00
5.2910287358e+02
1.3069575195e+00
-2.5704727537e+02
-6.5638237987e-01
1.7019294175e+03
4.0397792809e+00
-9.6559164684e+02
-2.3056212119e+00
-1.8871106110e+03
-4.5650590271e+00
1.4078885211e+03
3.4502789842e+00
-4.9390331293e+02
-1.1551147738e+00
4.7042802234e+02
1.1217615371e+00
3.5303806974e+02
8.3568345853e-01
3.7241735267e+01
8.8016526812e-02
-3.6680588936e+02
-8.8866742724e-01
-3.6570287705e+01
-8.5190275881e-02
-1.4043925150e+01
-5.2698678315e-02
3.1864918001e-01
-9.5133855241e-03
1.6966038445e+01
1.1378578820e-02
3.3259683096e+01
6.1918031340e-02
1.3423846129e-03
9.3301543993e-01
3.3382322943e-03
5.3579546392e-02
4.8232561752e-03
-5.9328638007e-01
3.5962154774e-03
-9.7612267819e-02
3.3817690039e-03
-2.0669346384e-02
-2.2700297392e-01
-9.2355175067e-02
-2.2898686377e-01
6.8675355813e-01
-2.2743918317e-01
-2.1677733843e-03
-2.2621278439e-01
-5.4845368288e-01
-2.2783068926e-01
8.2196274494e-02
2.5143279155e-02
-1.6293501985e-01
2.4775845974e-02
5.9904440928e-02
2.5775154069e-02
-3.1106547926e-01
2.4721094998e-02
1.8417457198e-01
2.3139296301e-02
8.7907529857e-01
5.5308561587e-02
-5.2361651126e-02
5.6250774706e-02
-5.3164613076e-01
5.4895365153e-02
-1.1999174253e-02
5.6528294417e-02
-7.4619880454e-01
5.4161669332e-02
1.7082131017e-01
KVEC
27
5:7:8:9:10
BARREL
RPHI
FLOATPT
2.0000000000e+00 3.0000000000e+00
-inf inf
-1
1
8
1.4871246677e+00
1.2115025235e+00
-7.2266729374e-01
-6.1673244561e+00
-2.7424394894e+01
-7.9942160965e+00
8.9155650379e+01
-7.6377984317e+01
CMTX
27
5:6:8:9:10
BARREL
RPHI
FLOATPT
2.0000000000e+00 3.0000000000e+00
-inf inf
1
2
10
1.4410661906e+00
-3.3114979982e-03
-1.9926995258e+00
4.7590884851e-03
-3.4566237570e+00
8.2319461080e-03
-1.8251214082e-01
4.3136994543e-04
4.1907808555e+00
-1.0269283239e-02
-1.2682880246e+00
2.9570645805e-03
1.8269830707e+00
-4.3344023595e-03
1.9325000485e+00
-4.5949970284e-03
1.4996456581e-01
-3.5905156216e-04
-1.6411573000e+00
4.0289678767e-03
QVEC
27
5:6:8:9:10
BARREL
RPHI
FLOATPT
2.0000000000e+00 3.0000000000e+00
-inf inf
1
1
2
4.3386638236e-01
-2.3797261054e+00
AMTX
27
5:6:8:9:10
BARREL
RPHI
FLOATPT
2.0000000000e+00 3.0000000000e+00
-inf inf
1
8
10
1.9809648319e+01
-1.4016013566e-03
1.5367811547e+02
-3.6301581206e-01
-1.5776247605e+03
3.7741386007e+00
2.5372369038e+03
-6.1436883385e+00
-1.1331841314e+03
2.7779142091e+00
7.8291815594e+02
-1.8713495521e+00
-1.9064499736e+03
4.5239720489e+00
1.4868310184e+03
-3.5833287832e+00
6.0250284154e+02
-1.4635968343e+00
-9.6580852581e+02
2.3641469841e+00
-5.8797205618e+02
1.3739251637e+00
3.8526664175e+02
-9.1236457644e-01
4.9678720831e+02
-1.1750246764e+00
1.0978390935e+02
-2.6836361152e-01
-4.0384980852e+02
9.8803456598e-01
-2.9339023670e+01
7.8412780219e-02
-2.0456555093e+01
4.9561514908e-02
2.3939779021e+00
-7.4160688946e-03
1.6655782859e+01
-4.9892299435e-03
3.0672599396e+01
-8.2507490569e-02
-5.5490779287e-02
8.7819828090e-01
-5.6660513536e-02
3.8947606249e-01
-5.8937625666e-02
-5.2876737335e-01
-5.7759589961e-02
1.6057164387e-03
-5.6977829249e-02
3.4442772539e-01
-6.8460260170e-02
4.1501113841e-01
-7.0806243162e-02
-5.5296566929e-01
-6.9948722721e-02
-1.2668650715e-01
-6.9498961638e-02
1.0703693617e-01
-7.1534070395e-02
-6.8600246850e-01
-1.3557726991e-01
1.7739077717e-01
-1.3567233206e-01
1.1451100953e-01
-1.3488235367e-01
3.7807053089e-01
-1.3764103346e-01
-8.0131593775e-01
-1.3587240322e-01
-1.1043689112e-01
-1.4485655380e-01
2.3880547877e-01
-1.4499605372e-01
2.2839670882e-01
-1.4426307074e-01
6.4199926677e-01
-1.4474217257e-01
5.1198223266e-01
-1.4615634218e-01
-4.2727120296e-03
KVEC
27
5:6:8:9:10
BARREL
RPHI
FLOATPT
2.0000000000e+00 3.0000000000e+00
-inf inf
1
1
8
1.3611917358e+00
-3.2905744374e-01
1.7033488196e+00
2.1469570445e+00
3.4617709708e+01
-8.3560627667e+01
-4.9532024820e+01
1.0154203968e+02
CMTX
27
5:6:8:9:10
BARREL
RPHI
FLOATPT
2.0000000000e+00 3.0000000000e+00
-inf inf
-1
2
10
1.5290124337e+00
3.4785106742e-03
-2.1925523929e+00
-5.1187121513e-03
-3.2968081758e+00
-7.8389894690e-03
-1.6315185659e-01
-4.2882639982e-04
4.1236638234e+00
1.0016567613e-02
-1.3275500484e+00
-3.0652958167e-03
1.9542271725e+00
4.5929482602e-03
1.8462905283e+00
4.3962751360e-03
1.2543695201e-01
3.2680515094e-04
-1.5984888565e+00
-3.8483095994e-03
QVEC
27
5:6:8:9:10
BARREL
RPHI
FLOATPT
2.0000000000e+00 3.0000000000e+00
-inf inf
-1
1
2
-4.2431426968e-01
-2.3721087911e+00
AMTX
27
5:6:8:9:10
BARREL
RPHI
FLOATPT
2.0000000000e+00 3.0000000000e+00
-inf inf
-1
8
10
-9.3123701699e+01
-2.3261101828e-01
3.1078927386e+01
8.2500364091e-02
1.4189323435e+03
3.3978714247e+00
-2.5827106130e+03
-6.2464561322e+00
1.2258350232e+03
3.0144440587e+00
-7.7779275323e+02
-1.8541961517e+00
1.9047854921e+03
4.5112644584e+00
-1.5822074907e+03
-3.7781983689e+00
-4.0837406124e+02
-9.6728959599e-01
8.6365879545e+02
2.1638836219e+00
-5.8739921943e+02
-1.3673211343e+00
3.8316781494e+02
8.9402901339e-01
5.0082388302e+02
1.1889507432e+00
1.0861554189e+02
2.6563293908e-01
-4.0521094316e+02
-9.7335440577e-01
2.9557920528e+01
6.8845045235e-02
2.0509141982e+01
4.6215806022e-02
-2.3609309735e+00
5.0350430373e-03
-1.6766155580e+01
-9.9444052164e-03
-3.0866212435e+01
-5.5925833316e-02
-1.0780403451e-02
-9.1285166836e-01
-1.3350735300e-02
1.9631604975e-01
-1.4236245030e-02
6.0467553451e-01
-1.2880684008e-02
5.6276392085e-02
-1.2923598563e-02
8.4522127945e-02
-3.9137675941e-02
1.2736561832e-01
-4.0272458491e-02
5.9383272430e-01
-3.8752880008e-02
-6.0697365616e-02
-3.7938875186e-02
-4.0477747183e-01
-4.0586356976e-02
6.7016967986e-01
1.3785355536e-01
-5.3700577452e-03
1.3775731632e-01
8.6037969333e-02
1.3872593163e-01
-1.5619102555e-01
1.3665751383e-01
7.9783085171e-01
1.3775186883e-01
4.3295001383e-01
3.2640175914e-02
4.3197296620e-01
3.2495350118e-02
5.0715403684e-01
3.2501908616e-02
5.2003943151e-01
3.3269098257e-02
2.1014170530e-01
3.4660933680e-02
-3.4773714561e-01
KVEC
27
5:6:8:9:10
BARREL
RPHI
FLOATPT
2.0000000000e+00 3.0000000000e+00
-inf inf
-1
1
8
2.5838428763e+00
9.4449100000e+00
2.6651794579e-01
5.2498758113e+00
4.1546314420e+01
5.6120189011e+01
1.1002217541e+02
4.4697812760e+01
CMTX
27
5:6:7:9:10
BARREL
RPHI
FLOATPT
2.0000000000e+00 3.0000000000e+00
-inf inf
1
2
10
1.5284771321e+00
-3.6246020874e-03
-1.4225576114e+00
3.4188589035e-03
-3.0100950102e+00
7.1779781089e-03
-8.8639245532e-01
2.1476006695e-03
3.7906936897e+00
-9.2690543702e-03
-1.2897266159e+00
3.0696682040e-03
1.3666767222e+00
-3.2497964447e-03
1.8474107865e+00
-4.4055729419e-03
4.6549517253e-01
-1.1306118128e-03
-1.3899183347e+00
3.4011958514e-03
QVEC
27
5:6:7:9:10
BARREL
RPHI
FLOATPT
2.0000000000e+00 3.0000000000e+00
-inf inf
1
1
2
4.2705176277e-01
-2.3752559339e+00
AMTX
27
5:6:7:9:10
BARREL
RPHI
FLOATPT
2.0000000000e+00 3.0000000000e+00
-inf inf
1
8
10
3.9832845913e+02
-9.3091977517e-01
-1.7122596913e+03
4.0494641288e+00
2.0852729191e+03
-4.9546779297e+00
-1.5033807596e+03
3.6277671601e+00
7.3203342748e+02
-1.8135819009e+00
6.5364061331e+02
-1.5303471946e+00
-1.6272666863e+03
3.8587100319e+00
4.1538068714e+02
-9.8162383834e-01
1.9331781659e+03
-4.6875466333e+00
-1.3749984945e+03
3.3628101186e+00
-6.0110545740e+02
1.4221400038e+00
2.6602660058e+02
-6.3148211477e-01
5.1462233369e+02
-1.2261113275e+00
1.1038344711e+02
-2.7161553983e-01
-2.8992604762e+02
7.0581382211e-01
-2.6200838991e+01
7.0769702226e-02
-1.7553745842e+01
4.1564899256e-02
-7.3113456562e+00
2.8488084511e-02
1.8657124699e+01
-1.0399635579e-02
3.2341146941e+01
-8.6891492235e-02
1.1364920441e-01
-8.2898026481e-01
1.1438585120e-01
-5.2935491853e-01
1.1605986341e-01
1.5715866535e-01
1.1580519891e-01
1.8677680628e-03
1.1489084710e-01
-3.9216939796e-01
-4.1684555816e-02
5.6008245312e-01
-4.4076960779e-02
-4.3928058228e-01
-4.1848651836e-02
5.2180615405e-01
-4.3711418878e-02
-2.1787335938e-01
-4.4327424028e-02
-4.4611719699e-01
8.1985366242e-02
-1.7542280971e-01
8.2949641458e-02
1.8768933757e-01
8.3675874907e-02
4.3928692003e-01
8.1248817788e-02
-7.0187211513e-01
8.4122976578e-02
4.1152070758e-01
-1.3731414741e-01
-5.5375674238e-02
-1.3697906468e-01
6.3766526749e-02
-1.3832075943e-01
-5.2343653579e-01
-1.3837037527e-01
-6.0284733539e-01
-1.3776183517e-01
-3.8355244535e-01
KVEC
27
5:6:7:9:10
BARREL
RPHI
FLOATPT
2.0000000000e+00 3.0000000000e+00
-inf inf
1
1
8
-3.1867590213e+00
1.3688925104e+00
1.6917958339e-01
2.6908405647e+00
-7.1198046183e+01
-4.3933684775e+01
7.5129999600e+00
-1.2083121467e+02
CMTX
27
5:6:7:9:10
BARREL
RPHI
FLOATPT
2.0000000000e+00 3.0000000000e+00
-inf inf
-1
2
10
1.6917629631e+00
3.9322893349e-03
-1.8229594310e+00
-4.2493110175e-03
-2.7991037103e+00
-6.6560474540e-03
-7.4696742694e-01
-1.8355998528e-03
3.6773543099e+00
8.9449082781e-03
-1.3907438452e+00
-3.2556283496e-03
1.5843905068e+00
3.7201600763e-03
1.7665318223e+00
4.1991365235e-03
3.4837828560e-01
8.6111738074e-04
-1.3085959046e+00
-3.1541108352e-03
QVEC
27
5:6:7:9:10
BARREL
RPHI
FLOATPT
2.0000000000e+00 3.0000000000e+00
-inf inf
-1
1
2
-4.2330063573e-01
-2.3715209732e+00
AMTX
27
5:6:7:9:10
BARREL
RPHI
FLOATPT
2.0000000000e+00 3.0000000000e+00
-inf inf
-1
8
10
-1.7260579429e+02
-4.4672546436e-01
-9.6576938972e+01
-2.1928910379e-01
1.2118620180e+03
2.8769277385e+00
-2.4265392344e+03
-5.8708692083e+00
1.4839102106e+03
3.6387658991e+00
7.1483886745e+02
1.6707546877e+00
-2.1968836204e+03
-5.2016905432e+00
1.5372901968e+03
3.6469858067e+00
4.7814153494e+02
1.1321751285e+00
-5.3341275519e+02
-1.3676481725e+00
-6.0283644995e+02
-1.4167382213e+00
2.6344116214e+02
6.1215542408e-01
5.1996677571e+02
1.2376661274e+00
1.1272357258e+02
2.7374067699e-01
-2.9328622780e+02
-7.0408642248e-01
2.6386789439e+01
6.3294938224e-02
1.7580514942e+01
4.1672690811e-02
7.4044439923e+00
3.7841270311e-02
-1.8774244738e+01
-1.6097581960e-02
-3.2533755029e+01
-5.9225195189e-02
-1.4763791240e-01
-2.0322594947e-01
-1.4951199788e-01
5.9147085627e-01
-1.4972804392e-01
6.8439939052e-01
-1.4732460828e-01
-3.1565225723e-01
-1.4884917695e-01
3.1159650602e-01
-5.5802574022e-02
9.8947210336e-01
-5.3621230281e-02
5.1031043914e-02
-5.3916052079e-02
1.6269597844e-01
-5.3123168210e-02
-2.1068818635e-01
-5.3291324303e-02
-1.5095565662e-01
-1.2849648040e-01
-2.4661310311e-01
-1.2838821759e-01
-3.3204642740e-01
-1.2959368799e-01
1.0563386172e-01
-1.2839104628e-01
-5.4619382158e-01
-1.2837879664e-01
-6.2266436259e-01
2.3183649196e-02
2.1145100105e-02
2.3390501181e-02
-9.5291001121e-02
2.4112969127e-02
-4.2456379855e-01
2.4524089782e-02
-6.5422170471e-01
2.1580885476e-02
5.2015783194e-01
KVEC
27
5:6:7:9:10
BARREL
RPHI
FLOATPT
2.0000000000e+00 3.0000000000e+00
-inf inf
-1
1
8
1.4254810395e+00
-1.0823529289e+01
3.5783978378e-01
5.6239492609e+00
5.6141683491e+01
-2.4980780613e+00
-1.2799029226e+02
-2.6183598516e+01
CMTX
27
5:6:7:8:10
BARREL
RPHI
FLOATPT
2.0000000000e+00 3.0000000000e+00
-inf inf
1
2
10
1.3000506584e+00
-3.0136626452e-03
-1.0228012167e+00
2.4634829787e-03
-1.7172220036e+00
4.1142602469e-03
-2.5346156497e+00
6.0468594732e-03
3.9746432919e+00
-9.7267774677e-03
-1.1728191178e+00
2.7555888831e-03
1.1616766998e+00
-2.7601116501e-03
1.1825275081e+00
-2.8300973189e-03
1.3083957570e+00
-3.1160850506e-03
-1.4798068937e+00
3.6246493663e-03
QVEC
27
5:6:7:8:10
BARREL
RPHI
FLOATPT
2.0000000000e+00 3.0000000000e+00
-inf inf
1
1
2
4.2900874049e-01
-2.3767923417e+00
AMTX
27
5:6:7:8:10
BARREL
RPHI
FLOATPT
2.0000000000e+00 3.0000000000e+00
-inf inf
1
8
10
3.4346853250e+02
-7.5356930761e-01
-1.5614978133e+03
3.6910969242e+00
2.4754981484e+03
-5.8767423356e+00
-1.4620339886e+03
3.4650468910e+00
2.0450218181e+02
-5.2069860964e-01
7.4099545410e+02
-1.7846153567e+00
-1.8296284727e+03
4.3421131609e+00
-9.4701193329e+01
2.2140214418e-01
1.8715669406e+03
-4.5018214073e+00
-6.8821743663e+02
1.6845418060e+00
5.5817281944e+02
-1.3111741714e+00
-1.7741664834e+02
4.2096569850e-01
-3.9214882327e+02
9.3616616548e-01
-2.9983451751e+02
7.0841431877e-01
3.1121933519e+02
-7.5800753534e-01
-2.7507031953e+01
7.3476597397e-02
-1.7346079364e+01
4.1494000225e-02
-5.3139863342e+00
2.5867668698e-02
8.8383229091e+00
-2.2393991543e-02
4.1264605974e+01
-1.0870194313e-01
6.1819647812e-02
-8.6213279616e-01
6.2887314480e-02
-4.1315644633e-01
6.4136446959e-02
9.2724531638e-02
6.5186241400e-02
5.2362139049e-01
6.3189075390e-02
-3.5281552652e-01
5.5008365684e-03
4.2125784709e-01
3.1314844629e-03
-5.6277387842e-01
5.5836110413e-03
5.0073676453e-01
3.9030444253e-03
-1.8515355973e-01
2.9248631687e-03
-5.0976210297e-01
-2.1636310769e-01
2.7846849814e-01
-2.1701380622e-01
2.4558557763e-02
-2.1833809488e-01
-5.0851493611e-01
-2.1622887530e-01
3.9664915877e-01
-2.1842689778e-01
-4.4954046043e-01
6.6050702275e-02
-2.2687881484e-01
6.6227705567e-02
-1.7098598562e-01
6.5414250213e-02
-5.2745624899e-01
6.5174843816e-02
-6.4378369960e-01
6.6152286371e-02
-2.8029170132e-01
KVEC
27
5:6:7:8:10
BARREL
RPHI
FLOATPT
2.0000000000e+00 3.0000000000e+00
-inf inf
1
1
8
-3.2899804668e+00
-2.6021446504e-01
-1.1213184088e+00
-3.5202555698e-01
-3.1485517415e+01
-5.2539208551e+01
-4.0887556655e+01
-1.1180231426e+02
CMTX
27
5:6:7:8:10
BARREL
RPHI
FLOATPT
2.0000000000e+00 3.0000000000e+00
-inf inf
-1
2
10
1.4597809200e+00
3.3446279255e-03
-1.4357732857e+00
-3.3302001072e-03
-1.5860691516e+00
-3.7761751419e-03
-2.3171532683e+00
-5.4938477856e-03
3.8793583701e+00
9.4398856258e-03
-1.2766665855e+00
-2.9671057386e-03
1.3947157366e+00
3.2702026477e-03
1.1739174382e+00
2.7923782350e-03
1.1231779600e+00
2.6653242205e-03
-1.4152125726e+00
-3.4154991101e-03
QVEC
27
5:6:7:8:10
BARREL
RPHI
FLOATPT
2.0000000000e+00 3.0000000000e+00
-inf inf
-1
1
2
-4.2963741630e-01
-2.3681981374e+00
AMTX
27
5:6:7:8:10
BARREL
RPHI
FLOATPT
2.0000000000e+00 3.0000000000e+00
-inf inf
-1
8
10
-6.5138752429e+00
3.3796645630e-02
6.7916960075e+02
1.6059994778e+00
-2.2907663937e+03
-5.4386307069e+00
2.0792265305e+03
4.9727809544e+00
-4.6117431919e+02
-1.1054116579e+00
-7.9200744826e+02
-1.8719372638e+00
2.1377640629e+03
5.0620716615e+00
-6.2895792053e+02
-1.4887154796e+00
-1.2708252014e+03
-3.0345504974e+00
5.5407488510e+02
1.4118813462e+00
5.5724051821e+02
1.3040067645e+00
-1.7223250236e+02
-3.9573127597e-01
-3.9319860621e+02
-9.3657650169e-01
-3.0559937493e+02
-7.2171636794e-01
3.1378813240e+02
7.5533894725e-01
2.7712054624e+01
6.5109111305e-02
1.7358081525e+01
4.2954299088e-02
5.3933346164e+00
3.4642358466e-02
-8.8575196749e+00
-1.1238271213e-02
-4.1552994666e+01
-8.1635361987e-02
4.3089656154e-02
8.7519108486e-01
4.5809165160e-02
-2.9898881915e-01
4.5484555218e-02
-1.7919144732e-01
4.6389012953e-02
-5.8417136201e-01
4.5201898208e-02
-1.2363214511e-01
1.2343414289e-01
-3.0912529614e-01
1.2402441126e-01
-5.7456324501e-01
1.2426237027e-01
-7.0345653114e-01
1.2214735783e-01
1.6061425316e-01
1.2312569970e-01
-3.1257688946e-01
-1.2260699223e-01
1.0867661797e-01
-1.2213899832e-01
-9.6966144299e-02
-1.2325035864e-01
3.4109018817e-01
-1.2306758742e-01
2.3367119726e-01
-1.2065424160e-01
-8.1828893999e-01
1.2025797491e-01
4.2264930748e-01
1.2018361520e-01
4.6237847669e-01
1.2203017724e-01
-3.0556040734e-01
1.2000815802e-01
5.4957735153e-01
1.2151696809e-01
-5.9393091726e-02
KVEC
27
5:6:7:8:10
BARREL
RPHI
FLOATPT
2.0000000000e+00 3.0000000000e+00
-inf inf
-1
1
8
2.6595352909e+00
8.4051079252e+00
5.5977736322e-01
3.7728879144e+00
-5.2837444832e+01
-8.5342401375e+01
-5.6344047550e+01
4.2229739928e+01
CMTX
27
5:6:7:8:9
BARREL
RPHI
FLOATPT
2.0000000000e+00 3.0000000000e+00
-inf inf
1
2
10
2.0265491472e+00
-4.7236194769e-03
-2.5188478291e+00
6.0221745186e-03
-3.2517022425e+00
7.7682501970e-03
-2.0201786076e+00
4.8044946903e-03
5.7641183949e+00
-1.3962629538e-02
-1.4431031922e+00
3.3915221876e-03
1.7177894326e+00
-4.0833959475e-03
1.7538747727e+00
-4.1904191020e-03
1.1184570974e+00
-2.6570868240e-03
-2.1470009046e+00
5.1983266409e-03
QVEC
27
5:6:7:8:9
BARREL
RPHI
FLOATPT
2.0000000000e+00 3.0000000000e+00
-inf inf
1
1
2
4.2559465473e-01
-2.3749645240e+00
AMTX
27
5:6:7:8:9
BARREL
RPHI
FLOATPT
2.0000000000e+00 3.0000000000e+00
-inf inf
1
8
10
3.2013710495e+02
-6.9097115250e-01
-1.4323180498e+03
3.3881090947e+00
2.3672889400e+03
-5.6178276730e+00
-1.7220380114e+03
4.0877173029e+00
4.6685347052e+02
-1.1437781001e+00
6.2613604417e+02
-1.5149250337e+00
-1.8095508846e+03
4.2920804757e+00
4.2501904635e+02
-1.0154448493e+00
1.8970885565e+03
-4.5642496266e+00
-1.1386560872e+03
2.7513881746e+00
-6.4670511323e+02
1.5212283905e+00
3.5758253068e+02
-8.4864469698e-01
5.2185688861e+02
-1.2450902236e+00
1.8618332629e+02
-4.3480757236e-01
-4.1890059533e+02
1.0091302656e+00
3.9955608009e+01
-1.0307217493e-01
2.3133452997e+01
-5.6028443395e-02
3.3571586131e+00
-1.9143086273e-02
-1.9822244995e+01
4.9584440160e-02
-4.6564795877e+01
7.8040959888e-02
6.9230222275e-02
-9.4001307287e-01
7.0759083183e-02
-3.0441320996e-01
7.1695296900e-02
5.7127235229e-02
7.2871880426e-02
5.3238078383e-01
7.1666900923e-02
-1.7175007173e-02
-6.7475569841e-02
-1.5693797772e-01
-6.6044985669e-02
4.6169591867e-01
-6.8961405859e-02
-7.5519141684e-01
-6.6915111015e-02
1.2560818817e-01
-6.6297623000e-02
3.9536443901e-01
-1.1578677124e-01
7.9631256288e-02
-1.1503422009e-01
3.7090453565e-01
-1.1597156062e-01
-5.8468959219e-02
-1.1474379693e-01
4.1247979852e-01
-1.1742116555e-01
-7.4256716351e-01
-1.9869362538e-01
3.5728945181e-01
-2.0046503133e-01
-3.5026408284e-01
-1.9958004203e-01
6.6632567515e-02
-1.9849327090e-01
5.6737791705e-01
-1.9921719120e-01
3.2866130111e-01
KVEC
27
5:6:7:8:9
BARREL
RPHI
FLOATPT
2.0000000000e+00 3.0000000000e+00
-inf inf
1
1
8
-1.9489951200e+00
-1.4660187638e+00
8.0372298511e-01
-3.4909913930e+00
5.9078922911e+00
1.7803743330e+01
-2.6074695680e+01
6.6013452283e+01
CMTX
27
5:6:7:8:9
BARREL
RPHI
FLOATPT
2.0000000000e+00 3.0000000000e+00
-inf inf
-1
2
10
2.2056390360e+00
5.1908973581e-03
-2.9381749834e+00
-6.9036894603e-03
-3.1741203904e+00
-7.5418654510e-03
-1.6591335894e+00
-3.9421918545e-03
5.5657875715e+00
1.3422701932e-02
-1.5465309766e+00
-3.6345923887e-03
1.9355679790e+00
4.5539347657e-03
1.7535430483e+00
4.1657381850e-03
8.9409867705e-01
2.1263589449e-03
-2.0366919564e+00
-4.9044171591e-03
QVEC
27
5:6:7:8:9
BARREL
RPHI
FLOATPT
2.0000000000e+00 3.0000000000e+00
-inf inf
-1
1
2
-4.2704505033e-01
-2.3666743072e+00
AMTX
27
5:6:7:8:9
BARREL
RPHI
FLOATPT
2.0000000000e+00 3.0000000000e+00
-inf inf
-1
8
10
1.8122436670e+01
3.2978982069e-03
-5.4864084139e+02
-1.2977652777e+00
1.9914714144e+03
4.7294138449e+00
-2.3483403199e+03
-5.6184732759e+00
8.8743403566e+02
2.1392913248e+00
6.6904941898e+02
1.5648863551e+00
-2.0592640470e+03
-4.8677451150e+00
1.1085849419e+03
2.6300716933e+00
1.1124188995e+03
2.6557004369e+00
-8.3081975258e+02
-2.0321155788e+00
-6.4703724719e+02
-1.5226351565e+00
3.5143977975e+02
8.2024574363e-01
5.2546938299e+02
1.2510071739e+00
1.9715090341e+02
4.6471115657e-01
-4.2700612027e+02
-1.0299151578e+00
4.0259335743e+01
9.3723230433e-02
2.3122347073e+01
5.4356289737e-02
3.4570143971e+00
2.8420565544e-02
-1.9883101377e+01
-3.6088004515e-02
-4.6899997447e+01
-8.4253559475e-02
-3.5997430764e-02
-8.9188726781e-01
-3.8635928070e-02
2.4610177551e-01
-3.8347044911e-02
1.3483774678e-01
-3.9423436982e-02
6.0650634869e-01
-3.7967885552e-02
1.3445587476e-02
-1.6746520120e-01
2.3185066409e-01
-1.6815012499e-01
5.1266129133e-01
-1.6867356917e-01
7.1734824816e-01
-1.6684817961e-01
-7.0168808886e-02
-1.6608084051e-01
-4.0359301275e-01
8.7718641654e-02
1.9711844382e-01
8.7318044825e-02
4.1198634309e-01
8.7969900804e-02
1.9739232266e-01
8.8382144605e-02
8.8810443691e-02
8.6865590058e-02
7.9014038669e-01
-8.5992179098e-02
-3.8891133569e-01
-8.6048509718e-02
-3.5717852709e-01
-8.7804246453e-02
3.9222405885e-01
-8.5526494408e-02
-5.4788502831e-01
-8.7514502039e-02
2.9487420256e-01
KVEC
27
5:6:7:8:9
BARREL
RPHI
FLOATPT
2.0000000000e+00 3.0000000000e+00
-inf inf
-1
1
8
-9.5795333697e-01
-3.7421624357e+00
-1.1972835068e+00
4.1961596819e+00
3.7751267465e+01
1.8689050013e+01
1.0548249683e+02
-1.3391793647e+01
