CMTX
16
5:6:7:8:9:10
BARREL
RPHI
FLOATPT
2.0000000000e+00 3.0000000000e+00
-inf inf
1
2
12
1.4176381860e+00
-3.2076839305e-03
-1.3482111429e+00
3.0544055524e-03
-1.5531017164e+00
3.6721917768e-03
-2.4191717273e+00
5.7099752012e-03
-3.6760383632e-02
8.5324293173e-05
3.9395225939e+00
-9.5699048440e-03
-1.2512164378e+00
2.9039388738e-03
1.3776608281e+00
-3.2112860573e-03
1.0737616193e+00
-2.5400237677e-03
1.2482290850e+00
-2.9512123164e-03
-1.4619195874e-03
8.7030585310e-06
-1.4469503568e+00
3.4696646864e-03
QVEC
16
5:6:7:8:9:10
BARREL
RPHI
FLOATPT
2.0000000000e+00 3.0000000000e+00
-inf inf
1
1
2
4.3293992257e-01
-2.7178388136e-03
AMTX
16
5:6:7:8:9:10
BARREL
RPHI
FLOATPT
2.0000000000e+00 3.0000000000e+00
-inf inf
1
10
12
-4.2746077851e+02
9.9451791083e-01
1.7259620732e+03
-4.1224689465e+00
-2.3956376606e+03
5.7228470505e+00
1.4631465078e+03
-3.5092527683e+00
-4.5796559200e+02
1.1232592874e+00
9.1918010659e+01
-2.8486323571e-01
1.3460457749e+02
-3.0542677224e-01
-7.4148200385e+02
1.6970842046e+00
7.3327329923e+02
-1.7398023115e+00
1.2508699895e+03
-2.9985138205e+00
-2.5284462354e+03
6.1117666728e+00
1.1512081280e+03
-2.8055665688e+00
7.2144016844e+02
-1.7584629146e+00
-1.6222238224e+03
3.8865895883e+00
-4.5259491831e+02
1.0776302949e+00
1.6788816882e+03
-4.0125591345e+00
7.3196551585e+02
-1.7880903388e+00
-1.0575058463e+03
2.6565974853e+00
5.5674051309e+02
-1.3023817945e+00
-1.7529418413e+02
3.9674685066e-01
-3.8756849745e+02
9.2136472594e-01
-2.9439344932e+02
6.9000073110e-01
-2.7609062313e+01
6.7745049623e-02
3.2810419522e+02
-7.8345231844e-01
-2.6886077265e+01
6.4369758189e-02
-1.8125790748e+01
3.8132605078e-02
-8.0769226755e+00
1.2185401536e-02
3.8873165846e+00
-4.5294523448e-03
1.7751499981e+01
-7.3861958064e-02
3.1378399068e+01
-5.8722172658e-02
3.7991545349e-02
-9.2509635629e-01
4.0904776934e-02
3.1214724795e-01
3.9812059789e-02
-1.3684269610e-01
4.1422211437e-02
5.4571292849e-01
3.9974273667e-02
-5.5642556142e-02
4.0412073792e-02
1.1208934891e-01
6.4294533385e-02
1.4947088227e-01
6.5367639803e-02
5.8487086606e-01
6.2408953359e-02
-6.6775379567e-01
6.3336479873e-02
-2.9701290792e-01
6.4688593436e-02
2.5348928389e-01
6.4686213437e-02
2.2389135356e-01
-4.6470501406e-02
-1.8352422750e-03
-4.6197692229e-02
1.3820614994e-01
-4.6085507878e-02
2.4529135186e-01
-4.7308920149e-02
-2.0574909546e-01
-4.8208690485e-02
-5.0486044149e-01
-4.5305642992e-02
7.5050569323e-01
-7.5929427260e-03
-7.5444025047e-02
-7.6147198062e-03
-1.1736811344e-01
-6.5289089752e-03
3.1049050986e-01
-7.1688279804e-03
8.6973450383e-03
-5.2340816603e-03
7.6800737403e-01
-5.9332202356e-03
4.3648184331e-01
-1.2372132579e-01
4.6180052710e-01
-1.2410958542e-01
3.1514009560e-01
-1.2479682798e-01
4.7632258657e-02
-1.2338750136e-01
6.5610422353e-01
-1.2498573591e-01
1.8546230605e-02
-1.2490348279e-01
7.3563319022e-02
KVEC
16
5:6:7:8:9:10
BARREL
RPHI
FLOATPT
2.0000000000e+00 3.0000000000e+00
-inf inf
1
1
10
-5.9399946062e+00
-1.6299576097e+00
8.7426800313e+00
-4.7963859868e-01
-1.2503749604e+00
2.7686404713e+01
1.6926541038e+01
3.9266222905e+01
1.2535787340e+02
7.8175452046e+01
CMTX
16
5:6:7:8:9:10
BARREL
RPHI
FLOATPT
2.0000000000e+00 3.0000000000e+00
-inf inf
-1
2
12
1.3875892096e+00
3.1512847358e-03
-1.1932103634e+00
-2.8904196578e-03
-1.7172771199e+00
-4.0695602208e-03
-2.4636512084e+00
-5.8199666705e-03
1.1149529467e-01
2.6088806788e-04
3.8750523584e+00
9.4799223491e-03
-1.2221851852e+00
-2.8303573711e-03
1.2255402635e+00
2.9115885791e-03
1.2755273318e+00
3.0273987718e-03
1.1990627161e+00
2.8259872752e-03
-7.5636953024e-02
-1.7700388220e-04
-1.4023264326e+00
-3.4354807437e-03
QVEC
16
5:6:7:8:9:10
BARREL
RPHI
FLOATPT
2.0000000000e+00 3.0000000000e+00
-inf inf
-1
1
2
-4.3161192496e-01
7.7046718848e-03
AMTX
16
5:6:7:8:9:10
BARREL
RPHI
FLOATPT
2.0000000000e+00 3.0000000000e+00
-inf inf
-1
10
12
-4.7633382270e+01
-1.0694629244e-01
1.7489375313e+02
3.7752328074e-01
-7.7360861482e+02
-1.8655286534e+00
1.9961298361e+03
4.7709379205e+00
-2.2240940524e+03
-5.3750837778e+00
8.7433288859e+02
2.1271968556e+00
-6.8953685949e+01
-1.7702418979e-01
-5.5086858847e+02
-1.3084635720e+00
2.1194257103e+03
5.0277576897e+00
-1.2040236383e+03
-2.8767939591e+00
-1.4182833266e+03
-3.4051968398e+00
1.1227490051e+03
2.7537147933e+00
8.1316430680e+02
1.9391148023e+00
-2.1905872126e+03
-5.1681113099e+00
6.7119347338e+02
1.5981257322e+00
1.1185009676e+03
2.6987069521e+00
3.0050670299e+02
7.4037825098e-01
-7.1279860891e+02
-1.7078616370e+00
5.5681648474e+02
1.2985944041e+00
-1.7364890847e+02
-4.1754653028e-01
-3.8739408987e+02
-9.1665317201e-01
-2.9604870640e+02
-6.9672194309e-01
-2.7634540793e+01
-6.9662887381e-02
3.2789734422e+02
7.9843829647e-01
2.6840631147e+01
6.2852133711e-02
1.8221196420e+01
5.0697634532e-02
8.1016118492e+00
4.0572059682e-03
-3.9068277799e+00
2.6795136588e-03
-1.7804663120e+01
-5.8549483092e-02
-3.1385819887e+01
-8.1936809330e-02
3.5891395010e-02
8.2840205023e-01
3.6824987097e-02
4.1558167893e-01
3.7250913884e-02
2.1762437073e-01
3.9067314610e-02
-5.5555667858e-01
3.7770968503e-02
-2.6980786643e-02
3.6722192437e-02
3.9738655544e-01
-6.1262759584e-02
3.8108620440e-01
-5.9356882589e-02
-4.3808885148e-01
-5.8873450688e-02
-6.4718669314e-01
-5.9872409472e-02
-2.3854964592e-01
-6.1359849725e-02
3.7482116104e-01
-5.9865778529e-02
-2.5609669867e-01
-1.1478332282e-01
-3.4504694517e-01
-1.1569331808e-01
3.8609618411e-02
-1.1451088661e-01
-4.6202422400e-01
-1.1489172335e-01
-3.0333335844e-01
-1.1482822313e-01
-3.2976143433e-01
-1.1697994372e-01
5.5032309666e-01
-1.5451995676e-02
2.0346680784e-01
-1.4500049039e-02
-1.8778922014e-01
-1.4870592933e-02
-4.3992233711e-03
-1.4588198434e-02
-1.0436848129e-01
-1.2842329980e-02
-7.9940019033e-01
-1.3693954564e-02
-4.1748738524e-01
-3.1226750011e-02
-3.5739127686e-01
-3.1892755556e-02
-1.0546047258e-01
-3.2989578947e-02
3.3096069686e-01
-3.0634342327e-02
-6.9035610634e-01
-3.2780938681e-02
1.6242853446e-01
-3.1847276035e-02
-2.6209975169e-01
KVEC
16
5:6:7:8:9:10
BARREL
RPHI
FLOATPT
2.0000000000e+00 3.0000000000e+00
-inf inf
-1
1
10
-3.5538553786e+00
3.6032311589e+00
6.0935465848e+00
9.4299195743e-01
-1.8599604045e+00
4.7128251355e+01
-5.0328874595e+01
-2.0666786244e+01
-1.2513039048e+02
-5.6235298198e+01
CMTX
16
6:7:8:9:10
BARREL
RPHI
FLOATPT
2.0000000000e+00 3.0000000000e+00
-inf inf
1
2
10
1.5432143491e+00
-3.8198673119e-03
-2.3628033706e+00
5.6090137717e-03
-3.2163894827e+00
7.6506877645e-03
-5.3316331824e-01
1.3073834146e-03
4.5691094692e+00
-1.1224536891e-02
-1.1744195680e+00
2.8618339849e-03
1.7833627065e+00
-4.2382493891e-03
1.9574898351e+00
-4.6648607342e-03
4.4027605384e-01
-1.0803274092e-03
-2.0067194353e+00
4.9424598285e-03
QVEC
16
6:7:8:9:10
BARREL
RPHI
FLOATPT
2.0000000000e+00 3.0000000000e+00
-inf inf
1
1
2
4.4568507058e-01
-1.3456494749e-02
AMTX
16
6:7:8:9:10
BARREL
RPHI
FLOATPT
2.0000000000e+00 3.0000000000e+00
-inf inf
1
8
10
3.6044595791e+02
-9.0567013636e-01
-1.4650690285e+03
3.5061017348e+00
2.2909332832e+03
-5.4938513800e+00
-1.6888220451e+03
4.0896031291e+00
5.0248691833e+02
-1.2472420467e+00
-8.0013623881e+02
1.8536348072e+00
1.9585424458e+03
-4.6682122900e+00
-3.7330586655e+02
8.9889471531e-01
-2.0113528304e+03
4.8598989351e+00
1.2263144473e+03
-2.9886134453e+00
-1.0612168490e+03
2.5516249773e+00
5.6299243836e+02
-1.3420813917e+00
9.3744311619e+02
-2.2335742208e+00
3.2837993923e+02
-8.0749872795e-01
-7.6760171048e+02
1.9091610646e+00
3.6446964393e+01
-8.1094073985e-02
2.0911052273e+01
-4.3094095598e-02
2.3411816600e+00
-1.0301267879e-02
-1.9209022503e+01
7.7625466848e-02
-4.0409678610e+01
7.9484642159e-02
1.0997473271e-01
6.3657567885e-01
1.0683296177e-01
-6.9715266662e-01
1.0832970205e-01
-9.5098829416e-02
1.0915496409e-01
2.2770917948e-01
1.0919692701e-01
2.0686061704e-01
1.1513336717e-01
-2.8125249774e-01
1.1550330500e-01
-1.9771741555e-01
1.1589384850e-01
-1.0809309020e-01
1.1758686840e-01
5.0560167915e-01
1.1480689687e-01
-7.1129156446e-01
-8.7193945939e-02
2.1410230975e-01
-8.7949420739e-02
-9.1797083554e-02
-8.5669698216e-02
8.7351994214e-01
-8.7900568342e-02
-4.0751588546e-02
-8.8541515151e-02
-2.9203153909e-01
5.4311868606e-02
2.3989405892e-02
5.3522698191e-02
-2.8584409358e-01
5.3706231255e-02
-1.8208597487e-01
5.2196029383e-02
-7.7394601627e-01
5.2994110036e-02
-4.0908099222e-01
KVEC
16
6:7:8:9:10
BARREL
RPHI
FLOATPT
2.0000000000e+00 3.0000000000e+00
-inf inf
1
1
8
-2.8698413010e+00
-1.8856777148e+00
6.1547616211e+00
1.1935759853e+00
2.3654420199e+01
-5.8984305382e+01
2.7372716644e+01
-1.3845443576e+02
CMTX
16
6:7:8:9:10
BARREL
RPHI
FLOATPT
2.0000000000e+00 3.0000000000e+00
-inf inf
-1
2
10
1.4238294437e+00
3.2990182142e-03
-2.0325263176e+00
-4.8249371909e-03
-3.4960582367e+00
-8.3498480352e-03
-4.9982472613e-01
-1.2259081343e-03
4.6046330600e+00
1.1236280123e-02
-1.0803334382e+00
-2.5368494819e-03
1.5523853169e+00
3.6918762009e-03
2.1107486438e+00
5.0501556004e-03
4.6333437036e-01
1.1345718601e-03
-2.0461938185e+00
-4.9815434859e-03
QVEC
16
6:7:8:9:10
BARREL
RPHI
FLOATPT
2.0000000000e+00 3.0000000000e+00
-inf inf
-1
1
2
-4.2726733362e-01
2.5651526353e-03
AMTX
16
6:7:8:9:10
BARREL
RPHI
FLOATPT
2.0000000000e+00 3.0000000000e+00
-inf inf
-1
8
10
6.8593227549e+01
1.2622492386e-01
-7.6937761652e+02
-1.8552595510e+00
2.0629712735e+03
4.9332465602e+00
-2.1875087213e+03
-5.2863600370e+00
8.2533959460e+02
2.0085829574e+00
-7.2021971137e+02
-1.7071781538e+00
2.1541307414e+03
5.1105460037e+00
-1.0981437381e+03
-2.6239184813e+00
-1.4103813070e+03
-3.3849304828e+00
1.0746596889e+03
2.6396365148e+00
-1.0726076854e+03
-2.5254805605e+00
6.3896501994e+02
1.5177383693e+00
8.7233492516e+02
2.0941998908e+00
2.8954159042e+02
7.0940975033e-01
-7.2824331409e+02
-1.7599318109e+00
-3.6482351456e+01
-9.4076384036e-02
-2.0878077186e+01
-3.4866936833e-02
-2.2915748255e+00
-1.7187873114e-02
1.9252357706e+01
6.1918238141e-02
4.0324760253e+01
1.0376274998e-01
6.0501591088e-02
5.9846828843e-01
6.0628471450e-02
5.3454296539e-01
6.2718890799e-02
-3.4358837028e-01
6.2397866431e-02
-2.1801076386e-01
6.0520967605e-02
5.5419301691e-01
1.7941535822e-01
1.5771707258e-02
1.7818680872e-01
5.6271813989e-01
1.7813732604e-01
6.1471601753e-01
1.8005267863e-01
-1.4738700991e-01
1.8061157192e-01
-3.3590272374e-01
-8.8669234305e-02
-7.0259486554e-02
-8.8482738996e-02
-1.2655984562e-01
-8.8629659752e-02
-5.0050732456e-02
-8.6499210638e-02
-9.1057207764e-01
-8.8300912391e-02
-1.4251755574e-01
-9.1201083312e-03
1.2049126110e-01
-7.9694833524e-03
-3.5049784791e-01
-1.0234681813e-02
6.2234594330e-01
-8.4883675215e-03
-7.9209172620e-02
-1.0002144082e-02
5.6770870216e-01
KVEC
16
6:7:8:9:10
BARREL
RPHI
FLOATPT
2.0000000000e+00 3.0000000000e+00
-inf inf
-1
1
8
-3.4334482620e+00
4.3515928161e+00
2.0594477437e+00
1.8613683786e+00
6.5207217778e+01
2.1974808340e+01
-1.0837223665e+02
8.3207579907e+01
CMTX
16
5:7:8:9:10
BARREL
RPHI
FLOATPT
2.0000000000e+00 3.0000000000e+00
-inf inf
1
2
10
9.5925258091e-01
-2.1289219267e-03
-2.4016538458e+00
5.6791354103e-03
-2.6631683587e+00
6.2957685306e-03
-2.4667868706e-02
7.0142910827e-05
4.1301521627e+00
-1.0075790212e-02
-7.8282042452e-01
1.7930362236e-03
1.9382735259e+00
-4.5959280671e-03
1.4917657413e+00
-3.5329096684e-03
5.4214596837e-03
-2.1593931092e-05
-1.6526145614e+00
4.0189964565e-03
QVEC
16
5:7:8:9:10
BARREL
RPHI
FLOATPT
2.0000000000e+00 3.0000000000e+00
-inf inf
1
1
2
4.3212000276e-01
-5.2378875488e-03
AMTX
16
5:7:8:9:10
BARREL
RPHI
FLOATPT
2.0000000000e+00 3.0000000000e+00
-inf inf
1
8
10
-1.3856796420e+00
1.2964272702e-02
6.1290385042e+02
-1.4661188044e+00
-2.0153460131e+03
4.8284103599e+00
2.2971256164e+03
-5.5586645692e+00
-8.9329945411e+02
2.1925431328e+00
2.6522436044e+02
-6.7621846714e-01
-1.8990112138e+03
4.5337355688e+00
1.4949209596e+03
-3.5771238989e+00
1.3481138669e+03
-3.2644810703e+00
-1.2093079866e+03
2.9721401062e+00
4.9460390515e+02
-1.1553973831e+00
-4.7150185444e+02
1.1191788397e+00
-3.5246769340e+02
8.2924169798e-01
-3.9640411554e+01
9.8523243901e-02
3.6898549731e+02
-8.8859469150e-01
3.6418879932e+01
-8.6844532154e-02
1.3949900902e+01
-2.5927659183e-02
-3.2226902996e-01
-4.3513147127e-03
-1.6858719514e+01
7.1606449901e-02
-3.3110815067e+01
6.3355934313e-02
4.9315245971e-02
-9.4747577580e-01
5.1482027185e-02
-1.7312197856e-02
5.2894947009e-02
5.8274489953e-01
5.1313484354e-02
-7.8222123499e-02
5.1642234824e-02
5.1649315767e-02
-1.8771454306e-01
8.3174981969e-02
-1.8657751663e-01
6.5818922535e-01
-1.8796245317e-01
1.4384845732e-01
-1.8975065206e-01
-5.2270430643e-01
-1.8800672472e-01
2.6597996567e-01
8.2459682753e-02
-1.6271374343e-01
8.2322838794e-02
-1.9284702030e-01
8.1780892815e-02
-3.9389655375e-01
8.2388661286e-02
-1.1028243468e-01
8.4590273377e-02
8.1670400728e-01
7.2665252324e-02
-3.5103389176e-02
7.1795026264e-02
-3.4929599661e-01
7.2137082658e-02
-1.7623614746e-01
7.0580626573e-02
-7.8411307384e-01
7.1621138310e-02
-3.1668812413e-01
KVEC
16
5:7:8:9:10
BARREL
RPHI
FLOATPT
2.0000000000e+00 3.0000000000e+00
-inf inf
1
1
8
8.7695289492e-01
2.6128079694e+00
-4.0074135637e-01
1.1060077208e+00
1.6130129745e+01
2.6916975444e+01
3.8065483186e+01
-1.3381818119e+02
CMTX
16
5:7:8:9:10
BARREL
RPHI
FLOATPT
2.0000000000e+00 3.0000000000e+00
-inf inf
-1
2
10
9.6040456850e-01
2.1442695441e-03
-2.3416134279e+00
-5.5461242671e-03
-2.7887160463e+00
-6.6155822973e-03
5.8459133737e-02
1.2059106666e-04
4.1114711565e+00
1.0047679280e-02
-7.8353786872e-01
-1.7897773934e-03
1.9175018267e+00
4.5524100986e-03
1.5294032862e+00
3.6306745687e-03
-1.5549979339e-02
-2.0980565679e-05
-1.6478422176e+00
-4.0185183370e-03
QVEC
16
5:7:8:9:10
BARREL
RPHI
FLOATPT
2.0000000000e+00 3.0000000000e+00
-inf inf
-1
1
2
-4.3158515023e-01
4.8655858928e-03
AMTX
16
5:7:8:9:10
BARREL
RPHI
FLOATPT
2.0000000000e+00 3.0000000000e+00
-inf inf
-1
8
10
3.9844259287e+00
1.9508202357e-02
-6.1927524962e+02
-1.4947562884e+00
2.0015135637e+03
4.7830519559e+00
-2.2661595478e+03
-5.4756857168e+00
8.7995853654e+02
2.1478908694e+00
-2.6728817632e+02
-6.4885112649e-01
1.9148430297e+03
4.5428322142e+00
-1.5056878724e+03
-3.6046297911e+00
-1.3748143766e+03
-3.3045254302e+00
1.2329959718e+03
3.0156270802e+00
-4.9487988205e+02
-1.1521081077e+00
4.7192123469e+02
1.1167539776e+00
3.5203341133e+02
8.3311739677e-01
3.8401896558e+01
9.7207449971e-02
-3.6746471457e+02
-8.9334932648e-01
-3.6449918630e+01
-8.4919359803e-02
-1.4027101550e+01
-1.7717154718e-02
3.2370469661e-01
-1.2188257780e-02
1.6928513917e+01
5.6044866300e-02
3.3153338398e+01
8.6831996473e-02
4.7203302044e-02
9.0022778150e-01
4.9009634459e-02
9.4109493073e-02
5.0613328187e-02
-5.9685161108e-01
4.9076160952e-02
2.9599634825e-02
4.8316190640e-02
3.2461541359e-01
1.8709451695e-01
-6.0199061771e-02
1.8513209407e-01
7.9384826757e-01
1.8661648846e-01
1.8524605973e-01
1.8794940604e-01
-3.5346079315e-01
1.8672824364e-01
1.6916966214e-01
1.3745598004e-01
3.0750234112e-01
1.3781330340e-01
1.6673345775e-01
1.3748289510e-01
3.1424549037e-01
1.3676561393e-01
6.1933449740e-01
1.3946723595e-01
-4.8346126592e-01
3.3224432507e-02
-2.7406542179e-01
3.2325014071e-02
6.6675398061e-02
3.2426602689e-02
3.7327403006e-03
3.0912572273e-02
6.0266447990e-01
3.0668807836e-02
6.6861622865e-01
KVEC
16
5:7:8:9:10
BARREL
RPHI
FLOATPT
2.0000000000e+00 3.0000000000e+00
-inf inf
-1
1
8
-1.2086177189e+00
2.4670491897e+00
-8.1206667028e-01
2.1277901007e+00
2.2143740273e+01
3.8543429869e+01
3.9833748730e+01
1.2277899734e+02
CMTX
16
5:6:8:9:10
BARREL
RPHI
FLOATPT
2.0000000000e+00 3.0000000000e+00
-inf inf
1
2
10
1.5534542074e+00
-3.5127275703e-03
-2.2557763753e+00
5.2057277547e-03
-3.1758496943e+00
7.5251284389e-03
-2.9031656790e-01
6.9004249348e-04
4.1684282842e+00
-1.0103381695e-02
-1.3451207337e+00
3.1148661158e-03
2.0051269447e+00
-4.6988035597e-03
1.7713915155e+00
-4.2061949363e-03
1.7379786386e-01
-4.0931556537e-04
-1.6051896622e+00
3.8384531551e-03
QVEC
16
5:6:8:9:10
BARREL
RPHI
FLOATPT
2.0000000000e+00 3.0000000000e+00
-inf inf
1
1
2
4.2920829593e-01
-1.9103045898e-04
AMTX
16
5:6:8:9:10
BARREL
RPHI
FLOATPT
2.0000000000e+00 3.0000000000e+00
-inf inf
1
8
10
-1.2254561498e+01
3.7109913555e-02
-1.6918355942e+02
3.3480154103e-01
1.6007054994e+03
-3.8378454316e+00
-2.5622507723e+03
6.1989393920e+00
1.1430020731e+03
-2.8050369755e+00
7.9695264511e+02
-1.9323428073e+00
-1.9365064135e+03
4.6313386395e+00
1.4900259404e+03
-3.5599140559e+00
6.2136820505e+02
-1.5232298775e+00
-9.7186971900e+02
2.4569484611e+00
5.8735559002e+02
-1.3699577270e+00
-3.8305901577e+02
8.8885914820e-01
-5.0130039023e+02
1.1860038076e+00
-1.0940271243e+02
2.6364988492e-01
4.0639257619e+02
-9.6900032213e-01
2.9455567797e+01
-7.0669412049e-02
2.0390638788e+01
-4.2723299592e-02
-2.3540554874e+00
6.8887896797e-04
-1.6672561215e+01
7.1532148876e-02
-3.0744188314e+01
5.7127134099e-02
4.3187433738e-02
-9.3901608211e-01
4.6018690591e-02
2.6227941300e-01
4.6695486921e-02
5.5846225215e-01
4.5188248080e-02
-7.1224584018e-02
4.5660931991e-02
1.0907029913e-01
1.3820288604e-02
-4.2330218692e-02
1.2771067241e-02
-4.8799570029e-01
1.4847370486e-02
3.1912736709e-01
1.4433347607e-02
1.0572148614e-01
1.2318479303e-02
-7.8427140086e-01
9.1665651351e-02
-6.2605046426e-02
9.2357069887e-02
1.7683537941e-01
9.2029563248e-02
-1.0578384418e-01
9.4704262111e-02
9.1397762980e-01
9.2661428475e-02
-1.8431345694e-02
-2.1060105436e-01
3.9301845792e-01
-2.1085192033e-01
3.0821769091e-01
-2.1023809836e-01
6.1298377969e-01
-2.1143908421e-01
1.4597119611e-01
-2.1176544283e-01
3.7769412325e-02
KVEC
16
5:6:8:9:10
BARREL
RPHI
FLOATPT
2.0000000000e+00 3.0000000000e+00
-inf inf
1
1
8
-3.9684084253e+00
9.5916035601e+00
9.2936415680e-02
9.2153738511e-01
3.1677998341e+01
-7.1651243447e+01
7.6789044687e+01
7.8245420043e+01
CMTX
16
5:6:8:9:10
BARREL
RPHI
FLOATPT
2.0000000000e+00 3.0000000000e+00
-inf inf
-1
2
10
1.4541969235e+00
3.3036430525e-03
-2.0095740467e+00
-4.8143665509e-03
-3.4379825750e+00
-8.1439613470e-03
-2.1329785806e-01
-5.0599634077e-04
4.2066740107e+00
1.0305661111e-02
-1.2716900637e+00
-2.9437109026e-03
1.8319356923e+00
4.3401467111e-03
1.9229591352e+00
4.5527345893e-03
1.6522890822e-01
3.9190467858e-04
-1.6484669364e+00
-4.0485638080e-03
QVEC
16
5:6:8:9:10
BARREL
RPHI
FLOATPT
2.0000000000e+00 3.0000000000e+00
-inf inf
-1
1
2
-4.3520523184e-01
1.0627925225e-02
AMTX
16
5:6:8:9:10
BARREL
RPHI
FLOATPT
2.0000000000e+00 3.0000000000e+00
-inf inf
-1
8
10
4.5202358385e+01
1.0491003579e-01
8.5698447437e+01
2.3483069965e-01
-1.5147556463e+03
-3.6208826490e+00
2.5579889047e+03
6.1753671258e+00
-1.1741765777e+03
-2.8659961210e+00
7.8823712915e+02
1.8839041840e+00
-1.9288251374e+03
-4.5507811912e+00
1.5474952046e+03
3.7226496071e+00
5.3479028212e+02
1.2998749979e+00
-9.4172926357e+02
-2.2723155717e+00
-5.8836612184e+02
-1.3719666823e+00
3.8554958542e+02
9.1747447337e-01
4.9801310376e+02
1.1779734266e+00
1.0753037180e+02
2.5839367706e-01
-4.0271708895e+02
-9.8503704482e-01
-2.9415842176e+01
-6.9336066837e-02
-2.0496475496e+01
-5.7772671790e-02
2.3685511267e+00
-6.1544268200e-03
1.6722949022e+01
5.6663360089e-02
3.0747745721e+01
7.9835365773e-02
2.5607416366e-02
8.6114237385e-01
2.6748918299e-02
3.6407168229e-01
2.8950392493e-02
-5.7809431508e-01
2.7545415045e-02
5.0943574636e-03
2.6616281589e-02
3.8599019683e-01
6.6293859971e-02
4.2239151582e-01
6.8306242162e-02
-4.4034831794e-01
6.7214622396e-02
2.0028703049e-03
6.5953917866e-02
5.1606636768e-01
6.8520849074e-02
-5.5442646112e-01
3.5360850086e-02
-1.9513477273e-01
3.4402969932e-02
2.0239442526e-01
3.4454183803e-02
1.4324251080e-01
3.2865071901e-02
7.7878923821e-01
3.3633409215e-02
4.3671914877e-01
-1.6547638709e-01
-3.3361914881e-01
-1.6564953440e-01
-3.0138713017e-01
-1.6489123898e-01
-7.1010336011e-01
-1.6709980133e-01
1.4976050906e-01
-1.6693933195e-01
2.1344139082e-02
KVEC
16
5:6:8:9:10
BARREL
RPHI
FLOATPT
2.0000000000e+00 3.0000000000e+00
-inf inf
-1
1
8
4.2179272339e-01
4.3776171341e+00
-1.7540003554e+00
1.0350981455e+00
3.5102636668e+01
-1.9784625816e+01
1.2853899570e+02
-5.1459789612e+01
CMTX
16
5:6:7:9:10
BARREL
RPHI
FLOATPT
2.0000000000e+00 3.0000000000e+00
-inf inf
1
2
10
1.6334760680e+00
-3.7715568561e-03
-1.7426857844e+00
3.9750593517e-03
-2.7351093163e+00
6.4997518283e-03
-9.8506012719e-01
2.3739243471e-03
3.8292593217e+00
-9.2881386002e-03
-1.3625905568e+00
3.1938565340e-03
1.5811129235e+00
-3.6859500586e-03
1.6837299831e+00
-3.9991581071e-03
4.8793444597e-01
-1.1724332198e-03
-1.3901460655e+00
3.3244085320e-03
QVEC
16
5:6:7:9:10
BARREL
RPHI
FLOATPT
2.0000000000e+00 3.0000000000e+00
-inf inf
1
1
2
4.2639841092e-01
3.4522630637e-04
AMTX
16
5:6:7:9:10
BARREL
RPHI
FLOATPT
2.0000000000e+00 3.0000000000e+00
-inf inf
1
8
10
4.8911963199e+02
-1.1422261556e+00
-1.9584413912e+03
4.6292787790e+00
2.1788388420e+03
-5.1973344131e+00
-1.2851783788e+03
3.0923687271e+00
5.7570293196e+02
-1.3488507090e+00
-6.1360514392e+02
1.4889402294e+00
1.4525379107e+03
-3.5190449003e+00
-1.8729458637e+02
4.5654074316e-01
-2.1108575788e+03
5.1224764668e+00
1.4592465258e+03
-3.6383204888e+00
6.0239105203e+02
-1.4184420170e+00
-2.6632204973e+02
6.1220187602e-01
-5.1705572920e+02
1.2310536184e+00
-1.1079922209e+02
2.6792311675e-01
2.9176003805e+02
-6.9131724866e-01
2.6301306259e+01
-6.3987095913e-02
1.7479751339e+01
-3.6430952459e-02
7.3568213510e+00
-1.0376097877e-02
-1.8668103958e+01
7.6007015367e-02
-3.2399868575e+01
6.1146056118e-02
-1.1886691413e-01
8.6319277629e-01
-1.2201723933e-01
-4.5677846722e-01
-1.2016600663e-01
3.2406807675e-01
-1.2095339310e-01
1.3657924994e-02
-1.2159354462e-01
-2.1984467878e-01
-5.7083256363e-02
-4.7331869132e-01
-5.6968395794e-02
-4.0458823005e-01
-5.4516331765e-02
6.5110836521e-01
-5.7237070240e-02
-4.1857598307e-01
-5.6140122458e-02
7.0800957607e-02
-1.1916482959e-01
2.7303140193e-01
-1.1907108936e-01
3.4075619018e-01
-1.1990431064e-01
5.4069749422e-02
-1.2121074298e-01
-3.4647228577e-01
-1.1869639354e-01
7.5059492434e-01
-8.8158906869e-03
-9.1153640103e-02
-8.8061330001e-03
-1.2023051939e-01
-7.7127564648e-03
3.0952473316e-01
-6.3886093763e-03
7.7666391891e-01
-7.1512440484e-03
4.1775743551e-01
KVEC
16
5:6:7:9:10
BARREL
RPHI
FLOATPT
2.0000000000e+00 3.0000000000e+00
-inf inf
1
1
8
4.1335999993e+00
-9.0490219630e+00
8.3235638163e-01
1.5540373691e+00
-3.0039981277e+00
-2.1828191366e+01
7.0990808212e+01
1.2300382800e+02
CMTX
16
5:6:7:9:10
BARREL
RPHI
FLOATPT
2.0000000000e+00 3.0000000000e+00
-inf inf
-1
2
10
1.6520930064e+00
3.8118314472e-03
-1.6933107747e+00
-4.0858394784e-03
-2.8945476615e+00
-6.8806999377e-03
-7.5812475729e-01
-1.8446839057e-03
3.6938689963e+00
9.0473689925e-03
-1.3507528161e+00
-3.1528433974e-03
1.4685781318e+00
3.4921020856e-03
1.8486872139e+00
4.3958877932e-03
3.4770607796e-01
8.4803159829e-04
-1.3142268058e+00
-3.2257818267e-03
QVEC
16
5:6:7:9:10
BARREL
RPHI
FLOATPT
2.0000000000e+00 3.0000000000e+00
-inf inf
-1
1
2
-4.2596289593e-01
4.6239122789e-03
AMTX
16
5:6:7:9:10
BARREL
RPHI
FLOATPT
2.0000000000e+00 3.0000000000e+00
-inf inf
-1
8
10
1.5284170630e+02
3.7171569810e-01
1.6687830152e+02
4.2050966363e-01
-1.2705508370e+03
-2.9967661890e+00
2.4291925088e+03
5.8534045317e+00
-1.4784125471e+03
-3.6127788353e+00
7.1497401252e+02
1.7042070319e+00
-2.1859307614e+03
-5.1470077720e+00
1.5054688976e+03
3.5866886556e+00
5.4182516448e+02
1.3290251487e+00
-5.7635012323e+02
-1.3696384497e+00
-6.0328040489e+02
-1.4133795494e+00
2.6463923022e+02
6.3367372070e-01
5.1820204180e+02
1.2288693419e+00
1.1285784242e+02
2.7597892552e-01
-2.9240297123e+02
-7.1369350667e-01
-2.6251588594e+01
-6.3996792357e-02
-1.7571550562e+01
-4.9961632027e-02
-7.3776684797e+00
-2.4509340314e-03
1.8725682640e+01
6.0805934766e-02
3.2411359307e+01
8.3300017989e-02
-1.1707813904e-01
-7.6405426158e-01
-1.1771362915e-01
-5.0415846851e-01
-1.1799451621e-01
-3.8751652213e-01
-1.1913724589e-01
6.1057441571e-02
-1.1805070497e-01
-4.0888959643e-01
-3.2901000517e-02
6.3817356712e-01
-3.0690851544e-02
-3.0170944543e-01
-3.0108581775e-02
-5.4863959032e-01
-3.2431414274e-02
4.2268236569e-01
-3.0948989442e-02
-1.9208203430e-01
-1.6080282244e-01
-1.1076525366e-01
-1.6156813535e-01
2.1467860142e-01
-1.5981718168e-01
-5.2979240834e-01
-1.6077991365e-01
-1.2817943895e-01
-1.6270077496e-01
6.5773321101e-01
5.1279364435e-02
-2.7199624528e-01
5.0320365278e-02
1.1805037291e-01
5.0158664317e-02
1.5716365977e-01
4.8377142539e-02
8.3879246361e-01
4.9679151890e-02
2.6692068456e-01
KVEC
16
5:6:7:9:10
BARREL
RPHI
FLOATPT
2.0000000000e+00 3.0000000000e+00
-inf inf
-1
1
8
-5.6561358075e-01
6.5436790751e+00
-2.1259709519e-01
2.4740102251e+00
-9.3660866487e+01
-7.1694718658e+00
3.7604803334e+01
1.0899495822e+02
CMTX
16
5:6:7:8:10
BARREL
RPHI
FLOATPT
2.0000000000e+00 3.0000000000e+00
-inf inf
1
2
10
1.4194599289e+00
-3.2122145410e-03
-1.3484862960e+00
3.0561050597e-03
-1.5587844178e+00
3.6854938309e-03
-2.4326002244e+00
5.7421869329e-03
3.9203267051e+00
-9.5227428835e-03
-1.2510403119e+00
2.9033587064e-03
1.3773117145e+00
-3.2104574918e-03
1.0737309978e+00
-2.5398088099e-03
1.2477876262e+00
-2.9501089392e-03
-1.4477676493e+00
3.4717613538e-03
QVEC
16
5:6:7:8:10
BARREL
RPHI
FLOATPT
2.0000000000e+00 3.0000000000e+00
-inf inf
1
1
2
4.3255975240e-01
-2.2783799355e-03
AMTX
16
5:6:7:8:10
BARREL
RPHI
FLOATPT
2.0000000000e+00 3.0000000000e+00
-inf inf
1
8
10
4.3462240643e+02
-1.0082979214e+00
-1.8064590897e+03
4.3018094271e+00
2.4923206665e+03
-5.9521409891e+00
-1.2450642032e+03
2.9861567158e+00
1.2462372099e+02
-2.4511214306e-01
-7.1467585960e+02
1.7370334235e+00
1.7004080828e+03
-4.0529281124e+00
3.1981006770e+02
-7.6329156873e-01
-2.0062675620e+03
4.7980012418e+00
7.0075338004e+02
-1.7817074703e+00
-5.5883524133e+02
1.3076559135e+00
1.7701328307e+02
-4.0160192587e-01
3.9244211725e+02
-9.3291610488e-01
3.0234720197e+02
-7.0911963381e-01
-3.1294648843e+02
7.4612127647e-01
-2.7615938114e+01
6.6885539192e-02
-1.7249705024e+01
3.5818587762e-02
-5.3550851400e+00
4.5714611011e-03
8.8068410840e+00
-1.6751570211e-02
4.1350563170e+01
-8.3747412358e-02
6.0980019140e-02
-9.2382692239e-01
6.3913710798e-02
3.1735203445e-01
6.2778601838e-02
-1.5550364051e-01
6.4425820245e-02
5.3534806847e-01
6.3468083583e-02
1.0780929495e-01
-9.9439833836e-02
-1.6134501247e-01
-1.0042688299e-01
-5.7011181044e-01
-9.7477750677e-02
6.6415932222e-01
-9.8206988653e-02
3.6136956073e-01
-9.9692744826e-02
-2.5092121598e-01
1.0230747255e-01
1.2110347492e-02
1.0203503151e-01
-1.0971845899e-01
1.0147529465e-01
-3.8309356360e-01
1.0268457817e-01
8.5796907624e-02
1.0059366523e-01
-8.4989947256e-01
-2.0092882078e-01
4.0462484215e-01
-2.0100879991e-01
3.9344812987e-01
-2.0214398185e-01
-6.0893321034e-02
-2.0066475897e-01
5.8206000208e-01
-2.0239722685e-01
-7.9474954197e-02
KVEC
16
5:6:7:8:10
BARREL
RPHI
FLOATPT
2.0000000000e+00 3.0000000000e+00
-inf inf
1
1
8
6.7982322509e+00
-9.2565099229e+00
5.0128276155e-01
1.3334776235e+00
3.0747555821e+01
7.0080771391e+00
-1.0844739410e+02
5.0852125225e+01
CMTX
16
5:6:7:8:10
BARREL
RPHI
FLOATPT
2.0000000000e+00 3.0000000000e+00
-inf inf
-1
2
10
1.3808378805e+00
3.1352596199e-03
-1.1894644715e+00
-2.8832476583e-03
-1.6998280582e+00
-4.0296281064e-03
-2.4260620424e+00
-5.7301982530e-03
3.9345169558e+00
9.6248467959e-03
-1.2176049544e+00
-2.8194852734e-03
1.2229981013e+00
2.9067202418e-03
1.2636913352e+00
3.0003113161e-03
1.1735622741e+00
2.7650885436e-03
-1.4426664360e+00
-3.5337958935e-03
QVEC
16
5:6:7:8:10
BARREL
RPHI
FLOATPT
2.0000000000e+00 3.0000000000e+00
-inf inf
-1
1
2
-4.3222425939e-01
8.1183173932e-03
AMTX
16
5:6:7:8:10
BARREL
RPHI
FLOATPT
2.0000000000e+00 3.0000000000e+00
-inf inf
-1
8
10
5.0277956674e+01
1.3440707175e-01
5.0878511810e+02
1.1883118452e+00
-2.1854767698e+03
-5.2015200722e+00
2.1154215075e+03
5.0558653582e+00
-4.8903493782e+02
-1.2081130021e+00
-7.9798894235e+02
-1.9022188570e+00
2.2048827490e+03
5.2050145745e+00
-7.7094424733e+02
-1.8328964934e+00
-1.1816532905e+03
-2.8495130146e+00
5.4571913071e+02
1.2995382481e+00
-5.5888069904e+02
-1.3035851241e+00
1.7525948642e+02
4.2107556397e-01
3.9226581933e+02
9.2809557144e-01
3.0409281350e+02
7.1589857728e-01
-3.1272465431e+02
-7.6138222767e-01
2.7582887105e+01
6.4686114642e-02
1.7371065729e+01
4.8455393817e-02
5.3787641315e+00
-3.3521139975e-03
-8.8520043907e+00
-9.2379362027e-03
-4.1419878423e+01
-1.0671807055e-01
-5.3428001170e-02
-8.3074923906e-01
-5.4373375480e-02
-4.1283888964e-01
-5.4778878524e-02
-2.2314460688e-01
-5.6594330385e-02
5.4956289807e-01
-5.4267894429e-02
-3.9536746082e-01
1.4085874432e-01
-3.3201406868e-01
1.3912712333e-01
4.1030803386e-01
1.3840812268e-01
7.1209373798e-01
1.3936121351e-01
3.1883940739e-01
1.3962254582e-01
2.1401665883e-01
-1.5906332885e-01
-4.5234395350e-01
-1.6074771923e-01
2.4967945637e-01
-1.5953145773e-01
-2.8292181181e-01
-1.5968356249e-01
-2.3519705604e-01
-1.6190227820e-01
6.3329686273e-01
9.6363893461e-02
2.9072809115e-01
9.7418226940e-02
-1.2903274838e-01
9.7872045296e-02
-2.9988180248e-01
9.5772064431e-02
6.0934322895e-01
9.6242190332e-02
4.7319829413e-01
KVEC
16
5:6:7:8:10
BARREL
RPHI
FLOATPT
2.0000000000e+00 3.0000000000e+00
-inf inf
-1
1
8
-3.2513300738e+00
-4.7116493093e+00
-1.2117032528e+00
-5.8461400444e-01
-4.9960188477e+01
8.7973509256e+01
3.6167960038e+01
7.9631723832e+01
CMTX
16
5:6:7:8:9
BARREL
RPHI
FLOATPT
2.0000000000e+00 3.0000000000e+00
-inf inf
1
2
10
2.1205787537e+00
-4.9765008915e-03
-2.7937505160e+00
6.6592403942e-03
-3.0765119100e+00
7.2864140248e-03
-1.9667480054e+00
4.6558432403e-03
5.7162613822e+00
-1.3850190762e-02
-1.5056824704e+00
3.5429992249e-03
1.8986182389e+00
-4.5087896052e-03
1.6398641519e+00
-3.8829533109e-03
1.0835061699e+00
-2.5683467774e-03
-2.1162531998e+00
5.1306070093e-03
QVEC
16
5:6:7:8:9
BARREL
RPHI
FLOATPT
2.0000000000e+00 3.0000000000e+00
-inf inf
1
1
2
4.3170548723e-01
-7.0895650812e-03
AMTX
16
5:6:7:8:9
BARREL
RPHI
FLOATPT
2.0000000000e+00 3.0000000000e+00
-inf inf
1
8
10
4.1256593060e+02
-9.5484086544e-01
-1.7128677868e+03
4.0832289063e+00
2.4388207401e+03
-5.8255616361e+00
-1.4389964835e+03
3.4521132138e+00
3.0051951419e+02
-7.4124486749e-01
5.9146453334e+02
-1.4267677330e+00
-1.6498472469e+03
3.8963449346e+00
1.3521347979e+02
-3.1763294126e-01
2.1139085879e+03
-5.0570573101e+00
-1.1907455461e+03
2.8657295571e+00
-6.4765663797e+02
1.5265716863e+00
3.5765846934e+02
-8.4224188534e-01
5.2417503944e+02
-1.2452827212e+00
1.8866199637e+02
-4.3957560069e-01
-4.2280899793e+02
1.0247881703e+00
-4.0154336835e+01
9.4834482448e-02
-2.2981855057e+01
5.0140255967e-02
-3.4115844556e+00
4.5284685284e-04
1.9809523286e+01
-4.1931681569e-02
4.6677289005e+01
-1.4354645614e-01
-6.0532231799e-02
9.2694763550e-01
-6.3413440563e-02
-2.9520625806e-01
-6.2354321990e-02
1.4739081255e-01
-6.4018721736e-02
-5.5041390204e-01
-6.2603595153e-02
4.6132142673e-02
-1.2618025404e-01
-1.3124001752e-01
-1.2714656902e-01
-5.1524642618e-01
-1.2429999271e-01
7.0711823103e-01
-1.2537869425e-01
2.9049066908e-01
-1.2689638726e-01
-3.0794457004e-01
3.5431126010e-02
-6.5115575542e-02
3.5027943292e-02
-2.7503280205e-01
3.6166934098e-02
1.5135788475e-01
3.6258450356e-02
1.3203608324e-01
3.8250947841e-02
8.8593451175e-01
-2.0606509035e-01
3.9461267711e-01
-2.0609705580e-01
3.9777157507e-01
-2.0710719008e-01
-9.0407955602e-03
-2.0575308463e-01
5.7540026650e-01
-2.0693082068e-01
1.1047854402e-01
KVEC
16
5:6:7:8:9
BARREL
RPHI
FLOATPT
2.0000000000e+00 3.0000000000e+00
-inf inf
1
1
8
-6.4815828936e-01
-8.1560259697e-01
2.0073524641e+00
-3.0826908723e+00
-1.5626663261e+01
6.6988787951e+00
8.3877141712e+01
7.1280649261e+01
CMTX
16
5:6:7:8:9
BARREL
RPHI
FLOATPT
2.0000000000e+00 3.0000000000e+00
-inf inf
-1
2
10
2.1449536260e+00
4.9797781778e-03
-2.7131367113e+00
-6.4174462269e-03
-3.3299954610e+00
-7.8537229034e-03
-1.7292585784e+00
-4.0402716427e-03
5.6273190171e+00
1.3570344827e-02
-1.4961550897e+00
-3.4913781833e-03
1.7752081665e+00
4.1876425026e-03
1.8594625054e+00
4.3977676702e-03
9.3331619156e-01
2.1815211831e-03
-2.0718077299e+00
-4.9937512017e-03
QVEC
16
5:6:7:8:9
BARREL
RPHI
FLOATPT
2.0000000000e+00 3.0000000000e+00
-inf inf
-1
1
2
-4.3146098117e-01
7.1290106955e-03
AMTX
16
5:6:7:8:9
BARREL
RPHI
FLOATPT
2.0000000000e+00 3.0000000000e+00
-inf inf
-1
8
10
6.4924498556e+01
1.6867764432e-01
2.7503885345e+02
6.2673316140e-01
-1.7893003783e+03
-4.2684261242e+00
2.4139400486e+03
5.7700425417e+00
-9.6461371328e+02
-2.3431082502e+00
6.7122702535e+02
1.5945430079e+00
-2.1323947618e+03
-5.0450362082e+00
1.3252576215e+03
3.1416305625e+00
9.0136202448e+02
2.1802013181e+00
-7.6544821740e+02
-1.8275592405e+00
6.4885388107e+02
1.5197950726e+00
-3.5519094013e+02
-8.4130514147e-01
-5.2266393654e+02
-1.2334328231e+00
-1.9498398448e+02
-4.5300110492e-01
4.2396071820e+02
1.0207569167e+00
4.0028727480e+01
9.3278688079e-02
2.3141227117e+01
6.2337001338e-02
3.4535314612e+00
-7.6197880146e-03
-1.9829611148e+01
-3.5963491564e-02
-4.6736983097e+01
-1.2862758776e-01
-5.3320860581e-02
-9.0380305669e-01
-5.4584136329e-02
-3.5227497175e-01
-5.4912947583e-02
-2.0398980229e-01
-5.6701000318e-02
5.5322389856e-01
-5.5362228772e-02
4.8061627494e-04
-1.3694739363e-01
2.1208327275e-01
-1.3551527597e-01
-4.0802518592e-01
-1.3473887352e-01
-7.4619288964e-01
-1.3594200580e-01
-2.5639455875e-01
-1.3738738237e-01
3.3320008098e-01
1.5883476055e-01
1.5274880735e-01
1.5943809943e-01
-1.0495647007e-01
1.5870428108e-01
1.9247217065e-01
1.5835765320e-01
3.3176038990e-01
1.5723926699e-01
7.8431752447e-01
-1.3322443829e-01
-3.9819925972e-01
-1.3549464243e-01
5.4055020075e-01
-1.3435191757e-01
3.0842323979e-02
-1.3347510123e-01
-3.6211865635e-01
-1.3547480671e-01
4.3130963878e-01
KVEC
16
5:6:7:8:9
BARREL
RPHI
FLOATPT
2.0000000000e+00 3.0000000000e+00
-inf inf
-1
1
8
-3.3231711724e+00
2.6591530911e+00
1.4402766445e+00
-1.3369243479e+00
-5.6391556160e+00
-3.5536386537e+01
1.0180949931e+02
2.4900353718e+01
