CMTX
28
5:6:7:8:9:10
BARREL
RPHI
FLOATPT
2.0000000000e+00 3.0000000000e+00
-inf inf
1
2
12
1.4595770722e+00
-3.3908540700e-03
-1.4531212198e+00
3.3045588949e-03
-1.6081765886e+00
3.8425860722e-03
-2.2484530308e+00
5.3307220189e-03
-1.8163196283e-02
5.8392842602e-05
3.8683551820e+00
-9.4263958123e-03
-1.2614204317e+00
2.9676300416e-03
1.4095152885e+00
-3.2835483222e-03
1.1450040411e+00
-2.7343732684e-03
1.0832684598e+00
-2.5685583766e-03
5.2627892889e-02
-1.3833783768e-04
-1.4290332456e+00
3.4492107668e-03
QVEC
28
5:6:7:8:9:10
BARREL
RPHI
FLOATPT
2.0000000000e+00 3.0000000000e+00
-inf inf
1
1
2
4.3223070858e-01
-8.0256171408e-01
AMTX
28
5:6:7:8:9:10
BARREL
RPHI
FLOATPT
2.0000000000e+00 3.0000000000e+00
-inf inf
1
10
12
-1.3383040825e+01
-4.0053677654e-02
2.7062275070e+02
-6.6314533416e-01
-1.2702663089e+03
3.0115365371e+00
2.2847024241e+03
-5.4613295784e+00
-1.8541728925e+03
4.4902960634e+00
5.8262558755e+02
-1.4532888234e+00
-1.8418939557e+02
4.2620889567e-01
1.1694483089e+03
-2.7501832768e+00
-2.0305417921e+03
4.8323814477e+00
3.6515693036e+02
-8.5988307365e-01
1.6943543639e+03
-4.1094426561e+00
-1.0142383479e+03
2.4369386662e+00
-8.0286028882e+02
1.9195029191e+00
1.9983150590e+03
-4.7761200689e+00
-1.7739840592e+02
4.2742848769e-01
-1.2477509005e+03
2.9942464682e+00
-7.9613706947e+02
1.9101014534e+00
1.0258490843e+03
-2.5861761572e+00
5.5326225947e+02
-1.2995847789e+00
-1.7295892379e+02
3.9994423116e-01
-3.8628796930e+02
9.2172011621e-01
-2.9442956442e+02
6.9426197740e-01
-2.5107410404e+01
6.5755879865e-02
3.2551368986e+02
-7.8914852152e-01
2.6887698235e+01
-6.8559957084e-02
1.8100808124e+01
-6.5215812386e-02
8.1146321272e+00
-3.0105074696e-02
-3.9030092777e+00
-2.7156820749e-04
-1.7772823847e+01
-1.0542749461e-03
-3.1353653323e+01
6.3548237039e-02
3.9335009258e-02
-9.3504037562e-01
4.1671637350e-02
6.3313769846e-02
4.1119719948e-02
-1.6662616243e-01
4.2859333691e-02
5.8012049586e-01
4.1797211872e-02
1.2753543888e-01
4.1449239828e-02
-8.9880835440e-03
1.5696073366e-02
9.9816609676e-02
1.3833911326e-02
-7.3234755136e-01
1.4460487938e-02
-5.3730924928e-01
1.6209837600e-02
1.2305242070e-01
1.5592520700e-02
-2.2062215292e-01
1.5450495733e-02
-3.5013046668e-01
-1.4744894517e-03
-6.8458921645e-02
-1.5962566923e-03
-1.3098623993e-01
-2.3621984219e-03
-4.3449274645e-01
-1.8603812141e-03
-2.1833927516e-01
-1.2351219929e-03
4.8507437489e-02
6.2295518647e-04
8.1359078005e-01
6.1687226391e-03
-8.9152012238e-02
6.5801866494e-03
3.4831018783e-02
7.1309086038e-03
2.0777620468e-01
7.0716425336e-03
1.1093833660e-01
4.8151803750e-03
-9.0329704788e-01
7.6677294799e-03
1.9275781259e-01
-1.1942564327e-01
4.1417557443e-01
-1.2054713354e-01
-2.2501606153e-02
-1.2049026718e-01
5.0161336866e-02
-1.1900553490e-01
7.1662925481e-01
-1.2063152933e-01
1.0440640880e-01
-1.2042224483e-01
2.4294358834e-01
KVEC
28
5:6:7:8:9:10
BARREL
RPHI
FLOATPT
2.0000000000e+00 3.0000000000e+00
-inf inf
1
1
10
-4.6755994479e+00
-3.3378069745e+00
-1.1747042658e+01
-7.5977808766e-01
-7.1268269858e+00
2.2780894307e+01
-9.9756580313e+01
4.8813866672e+01
-4.1874389019e+01
9.4860079503e+01
CMTX
28
5:6:7:8:9:10
BARREL
RPHI
FLOATPT
2.0000000000e+00 3.0000000000e+00
-inf inf
-1
2
12
1.3182720891e+00
3.0157975958e-03
-1.0437318594e+00
-2.5114909157e-03
-1.7933953309e+00
-4.2956553415e-03
-2.4041237931e+00
-5.7280616632e-03
-5.3900503990e-02
-1.3529779913e-04
3.9768655055e+00
9.7360583992e-03
-1.1885285393e+00
-2.7644421961e-03
1.1816606402e+00
2.8033002617e-03
1.2600358410e+00
3.0109150648e-03
1.1622637591e+00
2.7654474489e-03
7.3303966992e-02
1.7468249672e-04
-1.4887320343e+00
-3.6460161411e-03
QVEC
28
5:6:7:8:9:10
BARREL
RPHI
FLOATPT
2.0000000000e+00 3.0000000000e+00
-inf inf
-1
1
2
-4.2859486802e-01
-7.9400889155e-01
AMTX
28
5:6:7:8:9:10
BARREL
RPHI
FLOATPT
2.0000000000e+00 3.0000000000e+00
-inf inf
-1
10
12
-1.7182150148e+02
-3.7818788328e-01
9.9661970688e+02
2.3232292480e+00
-2.1508101680e+03
-5.0860319310e+00
2.0500902075e+03
4.8780646618e+00
-8.0636992568e+02
-1.9617354784e+00
8.2225678886e+01
1.7820838080e-01
2.6947583720e+02
6.1319765380e-01
-1.1922385708e+03
-2.8297229479e+00
1.2239455422e+03
2.9065314638e+00
9.5078163150e+02
2.2968765245e+00
-2.2740850790e+03
-5.4918512643e+00
1.0220888689e+03
2.5063520113e+00
7.7136488223e+02
1.8458650217e+00
-1.8276616765e+03
-4.3221748932e+00
-9.7067233222e+01
-2.3307929868e-01
1.2982024394e+03
3.1337136592e+00
1.0176458589e+03
2.4685326979e+00
-1.1624829796e+03
-2.8396709532e+00
-5.5647871970e+02
-1.3000853859e+00
1.7652596682e+02
4.2243071309e-01
3.8562121446e+02
9.1776404573e-01
2.9532506075e+02
6.9973615002e-01
2.5705110723e+01
6.0404441323e-02
-3.2667876031e+02
-7.9449384083e-01
-2.6873056605e+01
-5.8893815281e-02
-1.8207558777e+01
-5.4607077528e-02
-8.0348140275e+00
-2.2185535069e-02
3.9007965691e+00
-3.5704834970e-03
1.7770675992e+01
2.6500106692e-02
3.1378109309e+01
6.6762369006e-02
-1.7463391486e-03
-8.0030388306e-01
-2.7230677734e-03
-3.7114523162e-01
-3.9255586399e-03
1.3976488019e-01
-5.0427221237e-03
6.1364082725e-01
-3.4653751729e-03
-3.8426307427e-02
-2.6092643974e-03
-3.8965957119e-01
4.3890779728e-02
-4.4989909759e-01
4.1783821215e-02
4.7715213783e-01
4.4087963454e-02
-4.6567330547e-01
4.3076078173e-02
1.2370907734e-02
4.1903130576e-02
5.4058713121e-01
4.2672218384e-02
2.6653967374e-01
-5.4615831432e-02
-3.9425498822e-01
-5.6055729416e-02
2.1025477449e-01
-5.6275307758e-02
2.9646070184e-01
-5.5300299668e-02
-1.1557847485e-01
-5.4339195143e-02
-5.1899730715e-01
-5.7052349730e-02
5.8776429304e-01
-2.2372185065e-02
-1.4822083516e-02
-2.2347004515e-02
-1.0724121319e-02
-2.4029477860e-02
7.1636287651e-01
-2.2080165499e-02
-8.4504388312e-02
-2.3606316613e-02
5.7320326165e-01
-2.2432180566e-02
1.0914463821e-01
3.7406692860e-02
-2.8767950595e-01
3.6037235405e-02
2.7499451994e-01
3.6397833930e-02
1.1381603344e-01
3.8038153195e-02
-5.8888108352e-01
3.6868619191e-02
-1.1818069919e-01
3.7875955863e-02
-5.4783555758e-01
KVEC
28
5:6:7:8:9:10
BARREL
RPHI
FLOATPT
2.0000000000e+00 3.0000000000e+00
-inf inf
-1
1
10
-5.0403671855e+00
2.2020901755e+00
1.4893448771e+00
-7.5737277833e-01
-3.6675387448e+00
-2.7793678628e+01
6.0668914622e+01
2.2742021087e+01
9.2186299782e+01
-1.0057495591e+02
CMTX
28
6:7:8:9:10
BARREL
RPHI
FLOATPT
2.0000000000e+00 3.0000000000e+00
-inf inf
1
2
10
1.3889500605e+00
-3.4614358288e-03
-2.0890199488e+00
4.9878292315e-03
-3.3333003660e+00
7.9622860806e-03
-5.2493913418e-01
1.2628530051e-03
4.5583656899e+00
-1.1222746755e-02
-1.0464262483e+00
2.5646646013e-03
1.5570791553e+00
-3.7176025680e-03
2.0270480172e+00
-4.8513640981e-03
4.8719627084e-01
-1.1697922464e-03
-2.0249607239e+00
5.0010361566e-03
QVEC
28
6:7:8:9:10
BARREL
RPHI
FLOATPT
2.0000000000e+00 3.0000000000e+00
-inf inf
1
1
2
4.4687862282e-01
-8.1492927208e-01
AMTX
28
6:7:8:9:10
BARREL
RPHI
FLOATPT
2.0000000000e+00 3.0000000000e+00
-inf inf
1
8
10
2.3028805996e+02
-5.7029700321e-01
-1.2359503183e+03
2.9332146000e+00
2.2858422969e+03
-5.4766940982e+00
-1.8667843650e+03
4.5187469094e+00
5.8671875475e+02
-1.4624884228e+00
-7.2905879157e+02
1.6997371139e+00
1.9736089124e+03
-4.6963832981e+00
-6.3405321837e+02
1.5080181585e+00
-1.7993464996e+03
4.3602552537e+00
1.1888642262e+03
-2.8806447482e+00
-1.0692432295e+03
2.5625465049e+00
6.1682366045e+02
-1.4716225766e+00
8.8375728142e+02
-2.1149085468e+00
3.0913059405e+02
-7.4148998798e-01
-7.4047745653e+02
1.8522510401e+00
-3.6416240329e+01
1.0873531369e-01
-2.0974419581e+01
6.0515356053e-02
-2.3184603314e+00
1.5807052931e-02
1.9246928885e+01
-2.0370842682e-03
4.0380917669e+01
-8.4745066571e-02
2.5546181673e-02
-6.9780491763e-01
2.6036069977e-02
-5.5557646657e-01
2.8167998343e-02
2.7202843385e-01
2.7316863389e-02
-1.6424914684e-01
2.7007004928e-02
-3.5663139834e-01
-8.8797138062e-02
2.2091985082e-01
-8.9343205219e-02
5.7979406856e-02
-8.8025897005e-02
6.9155341916e-01
-8.8605945511e-02
5.4214072081e-01
-9.0815470291e-02
-2.7827635911e-01
3.1906948960e-02
1.0506786890e-01
3.2939180677e-02
4.8315550802e-01
3.2187633852e-02
1.1567872229e-01
3.0772264229e-02
-5.3094076096e-01
3.0697525996e-02
-6.1358371469e-01
-1.0137874220e-01
7.1569162821e-02
-1.0162968709e-01
-2.8978908784e-02
-1.0024870383e-01
5.4192970809e-01
-1.0283199290e-01
-5.3109473024e-01
-1.0024199104e-01
5.2500948248e-01
KVEC
28
6:7:8:9:10
BARREL
RPHI
FLOATPT
2.0000000000e+00 3.0000000000e+00
-inf inf
1
1
8
-3.9396170958e+00
8.0815788508e-01
7.7939188054e+00
7.1422035087e+00
-8.7198688660e+01
7.5664179195e+01
-7.6872130894e+01
4.7162084305e+01
CMTX
28
6:7:8:9:10
BARREL
RPHI
FLOATPT
2.0000000000e+00 3.0000000000e+00
-inf inf
-1
2
10
1.5742686555e+00
3.6835314577e-03
-2.3373063979e+00
-5.5801831446e-03
-3.3674708911e+00
-8.0960717982e-03
-4.3630712250e-01
-1.0756584680e-03
4.5668056058e+00
1.1176992762e-02
-1.1781639572e+00
-2.7786700010e-03
1.7470010726e+00
4.1601070288e-03
2.0336380858e+00
4.8997236850e-03
4.2032210700e-01
1.0275644148e-03
-2.0227983009e+00
-4.9476120721e-03
QVEC
28
6:7:8:9:10
BARREL
RPHI
FLOATPT
2.0000000000e+00 3.0000000000e+00
-inf inf
-1
1
2
-4.2628386908e-01
-7.9692644378e-01
AMTX
28
6:7:8:9:10
BARREL
RPHI
FLOATPT
2.0000000000e+00 3.0000000000e+00
-inf inf
-1
8
10
4.2986226625e+02
9.8046854550e-01
-1.7286940433e+03
-4.0844982843e+00
2.3482671694e+03
5.6054186031e+00
-1.3012154425e+03
-3.1547917563e+00
2.5170861194e+02
5.9446494299e-01
6.9719131119e+02
1.6485132234e+00
-1.6614828895e+03
-3.9409369261e+00
2.1786485494e+01
4.1148658160e-02
2.2282426868e+03
5.3818920559e+00
-1.2857231702e+03
-3.1570793705e+00
1.0695191117e+03
2.5251060528e+00
-5.9964512595e+02
-1.4228627932e+00
-9.0296886417e+02
-2.1774270390e+00
-3.3166712696e+02
-8.0620940670e-01
7.6474598953e+02
1.8636637769e+00
3.6532208845e+01
9.8294451737e-02
2.0819910682e+01
5.2299171954e-02
2.3148771812e+00
1.7142521797e-02
-1.9222706525e+01
-2.9964527610e-02
-4.0369758775e+01
-8.8489141756e-02
3.2687818178e-02
6.0664452866e-01
3.4900021697e-02
-3.0989186575e-01
3.5559734362e-02
-5.5268093068e-01
3.3739198206e-02
2.2885997079e-01
3.3026178105e-02
5.4654255069e-01
1.0759507336e-01
2.8992145189e-02
1.0888824519e-01
-4.8762179001e-01
1.0713076662e-01
2.9160492874e-01
1.0625493875e-01
6.9197108239e-01
1.0886000630e-01
-3.3703675755e-01
-1.0758092863e-01
3.0499093619e-02
-1.0836595289e-01
3.7564032231e-01
-1.0855652614e-01
4.7662470070e-01
-1.0832489164e-01
4.0307236485e-01
-1.0857495059e-01
5.2599644261e-01
2.9995928472e-02
-2.2047294858e-02
2.8558133724e-02
5.9236011233e-01
3.1086122387e-02
-4.6725846024e-01
2.8914912357e-02
4.4259019170e-01
3.0746290500e-02
-3.0677787342e-01
KVEC
28
6:7:8:9:10
BARREL
RPHI
FLOATPT
2.0000000000e+00 3.0000000000e+00
-inf inf
-1
1
8
-4.4367887972e+00
-3.2681806167e+00
-3.8524683628e-01
3.6814912651e+00
4.7309140158e+01
2.1557370115e+01
1.4463918508e+02
3.5249832018e+00
CMTX
28
5:7:8:9:10
BARREL
RPHI
FLOATPT
2.0000000000e+00 3.0000000000e+00
-inf inf
1
2
10
9.4961931354e-01
-2.1898496333e-03
-2.4139674305e+00
5.7787872589e-03
-2.6207124477e+00
6.2299143161e-03
-2.8326962918e-02
7.7145104660e-05
4.1134117536e+00
-1.0075425407e-02
-7.6664024326e-01
1.7985721437e-03
1.9233740126e+00
-4.5963296070e-03
1.4440045107e+00
-3.4405609949e-03
7.1727580789e-02
-1.7587190395e-04
-1.6725148837e+00
4.0965936322e-03
QVEC
28
5:7:8:9:10
BARREL
RPHI
FLOATPT
2.0000000000e+00 3.0000000000e+00
-inf inf
1
1
2
4.3240151270e-01
-8.0647671554e-01
AMTX
28
5:7:8:9:10
BARREL
RPHI
FLOATPT
2.0000000000e+00 3.0000000000e+00
-inf inf
1
8
10
-6.6548146761e+01
2.3013213517e-01
1.0430615689e+03
-2.4727665157e+00
-2.3229952097e+03
5.5552352455e+00
1.9493106781e+03
-4.7234861502e+00
-6.0295469760e+02
1.4915863500e+00
-2.5332411352e+02
6.1933518931e-01
1.7185050900e+03
-4.0825026171e+00
-1.0584944721e+03
2.5247206570e+00
-1.7684092694e+03
4.2801955892e+00
1.3617315941e+03
-3.3291453749e+00
-4.9187754791e+02
1.1543638608e+00
4.6998588169e+02
-1.1225330305e+00
3.5041270057e+02
-8.2926189382e-01
3.6426605783e+01
-9.2490941653e-02
-3.6494002313e+02
8.9168719688e-01
-3.6388594355e+01
9.2451199444e-02
-1.3978690189e+01
4.1676039404e-02
3.4807418612e-01
9.2451153528e-03
1.6879213564e+01
2.2118719986e-03
3.3062303452e+01
-6.9403239712e-02
6.1967284454e-02
-9.3230909993e-01
6.3735496206e-02
-1.8730564468e-01
6.5537674527e-02
5.7570709510e-01
6.4493328845e-02
1.1805637363e-01
6.4160951556e-02
-2.2178889817e-02
-6.9425722831e-03
-1.0327141286e-01
-7.2551950606e-03
-1.7888099001e-01
-7.4948010774e-03
-2.4276607621e-01
-6.3730465973e-03
2.6572598628e-01
-4.9868476041e-03
8.6929479167e-01
1.7031418447e-02
-9.9860258043e-02
1.7788474498e-02
1.0559507748e-01
1.7853492539e-02
5.8154749452e-02
1.5751769271e-02
-8.9552245147e-01
1.8856767745e-02
3.0051182088e-01
1.8738732671e-01
-3.3579184177e-01
1.8971152202e-01
5.9394108773e-01
1.8722390715e-01
-4.7269824531e-01
1.8862924485e-01
7.3338016178e-02
1.8835925609e-01
-6.4942102080e-02
KVEC
28
5:7:8:9:10
BARREL
RPHI
FLOATPT
2.0000000000e+00 3.0000000000e+00
-inf inf
1
1
8
2.4242299434e+00
-1.0750375160e+00
1.0640222517e+00
6.0001253335e+00
1.7053006985e+01
8.9152132900e+01
-3.9788994923e+01
-9.4955563300e+00
CMTX
28
5:7:8:9:10
BARREL
RPHI
FLOATPT
2.0000000000e+00 3.0000000000e+00
-inf inf
-1
2
10
9.5718443925e-01
2.1681693183e-03
-2.3963518495e+00
-5.7259888219e-03
-2.6628702052e+00
-6.3714701269e-03
-4.1933490549e-02
-1.1016713278e-04
4.1439522895e+00
1.0143205772e-02
-7.8000688690e-01
-1.8031454933e-03
1.9448818914e+00
4.6327146746e-03
1.4515777405e+00
3.4805410084e-03
6.1983091476e-02
1.5368038824e-04
-1.6784269912e+00
-4.1039846085e-03
QVEC
28
5:7:8:9:10
BARREL
RPHI
FLOATPT
2.0000000000e+00 3.0000000000e+00
-inf inf
-1
1
2
-4.2865112194e-01
-7.9560407040e-01
AMTX
28
5:7:8:9:10
BARREL
RPHI
FLOATPT
2.0000000000e+00 3.0000000000e+00
-inf inf
-1
8
10
7.7564621857e+01
1.9730269645e-01
-1.1124198014e+03
-2.6264150172e+00
2.3389226807e+03
5.5845550542e+00
-1.8330834334e+03
-4.4360319926e+00
5.2894340566e+02
1.2822145355e+00
2.5445776126e+02
6.4256784017e-01
-1.6946626033e+03
-4.0183117841e+00
9.6570186553e+02
2.3027086077e+00
1.8689871622e+03
4.5154522721e+00
-1.3944873187e+03
-3.4207932544e+00
4.9405657310e+02
1.1529874194e+00
-4.7137590889e+02
-1.1210948749e+00
-3.5323290378e+02
-8.4212138782e-01
-3.7536846955e+01
-8.9847646153e-02
3.6806783878e+02
8.9526381072e-01
3.6478353029e+01
8.0767483928e-02
1.3940736126e+01
3.6736267805e-02
-3.1987260022e-01
1.3732583243e-02
-1.6887422898e+01
-2.4697477776e-02
-3.3140387801e+01
-7.2318269810e-02
1.0336153669e-03
-8.9681276523e-01
-1.1328129324e-03
6.2395967153e-02
-2.3332218523e-03
5.9271256519e-01
-9.5741367094e-04
4.0687274975e-02
-3.1620496518e-05
-3.1985935568e-01
-1.2689256956e-01
3.7813748497e-02
-1.2835580789e-01
5.9516966190e-01
-1.2712353785e-01
3.3528116177e-02
-1.2537062901e-01
-7.3252570640e-01
-1.2720031030e-01
-1.9610802525e-02
-3.0099614207e-02
-3.9851573993e-01
-3.0867752232e-02
-6.1516225520e-02
-3.0665346390e-02
-1.3287953231e-01
-3.0788362300e-02
-7.2448137337e-02
-3.3027018248e-02
8.5023143549e-01
4.8910168305e-02
-2.2099099615e-02
5.0430256785e-02
-6.9223219164e-01
4.8679221565e-02
2.7992393512e-02
5.0146638249e-02
-6.0248506039e-01
4.8881207177e-02
-9.8372874665e-02
KVEC
28
5:7:8:9:10
BARREL
RPHI
FLOATPT
2.0000000000e+00 3.0000000000e+00
-inf inf
-1
1
8
-1.4330440875e+00
-2.1704135145e+00
6.7338550479e-01
3.2139346125e+00
-7.6306746673e+00
-3.4066130056e+01
6.3768539869e+01
-9.7404997397e+01
CMTX
28
5:6:8:9:10
BARREL
RPHI
FLOATPT
2.0000000000e+00 3.0000000000e+00
-inf inf
1
2
10
1.5466018874e+00
-3.5698025970e-03
-2.2703137578e+00
5.2378684168e-03
-3.1470736565e+00
7.4726530236e-03
-2.7250246233e-01
6.7819946661e-04
4.1432677550e+00
-1.0061917016e-02
-1.3233749321e+00
3.0949348835e-03
1.9913252379e+00
-4.6601563317e-03
1.7231208183e+00
-4.0936455798e-03
2.3368227588e-01
-5.7953823136e-04
-1.6247640083e+00
3.9016873757e-03
QVEC
28
5:6:8:9:10
BARREL
RPHI
FLOATPT
2.0000000000e+00 3.0000000000e+00
-inf inf
1
1
2
4.2913019016e-01
-8.0027531683e-01
AMTX
28
5:6:8:9:10
BARREL
RPHI
FLOATPT
2.0000000000e+00 3.0000000000e+00
-inf inf
1
8
10
9.3316529155e+01
-2.7640577170e-01
-4.1640557347e+02
9.5885759335e-01
1.7677975162e+03
-4.2330090095e+00
-2.4567756485e+03
5.9530110843e+00
1.0121813081e+03
-2.4754626448e+00
-7.8539871237e+02
1.8804179024e+00
1.9016683276e+03
-4.5485330465e+00
-1.3316002794e+03
3.1938792521e+00
-8.6515526604e+02
2.0778145957e+00
1.0805006467e+03
-2.7157342466e+00
-5.8461202752e+02
1.3674902304e+00
3.8349941362e+02
-8.9812282773e-01
4.9781054737e+02
-1.1787371296e+00
1.0535969401e+02
-2.6143607016e-01
-4.0204028394e+02
9.6695163664e-01
-2.9473128729e+01
7.4233790707e-02
-2.0378177085e+01
6.9513482239e-02
2.3636228673e+00
4.3834347669e-03
1.6691718040e+01
3.7907386165e-03
3.0719733555e+01
-6.1847121844e-02
-5.9677810601e-02
9.4063913475e-01
-6.2171806327e-02
-1.2730045065e-01
-6.3162629578e-02
-5.6956741535e-01
-6.2117730304e-02
-1.2948630698e-01
-6.1766023217e-02
4.0490604495e-03
-4.4187916432e-02
-3.3758037555e-02
-4.2779317273e-02
6.0428212940e-01
-4.5184958694e-02
-2.4876041504e-01
-4.3898528285e-02
3.7928773249e-01
-4.3476219682e-02
6.2812677405e-01
-1.6747569998e-02
1.1846655821e-01
-1.7035974611e-02
4.8748308000e-02
-1.7397918311e-02
1.0056141858e-02
-1.5682427034e-02
7.9311939403e-01
-1.9054902156e-02
-5.2146995685e-01
2.3320779004e-01
-3.4426237719e-01
2.3388957473e-01
-1.0050146499e-01
2.3276302486e-01
-6.7701554035e-01
2.3460642183e-01
1.4562419469e-02
2.3443155028e-01
-1.1702945224e-01
KVEC
28
5:6:8:9:10
BARREL
RPHI
FLOATPT
2.0000000000e+00 3.0000000000e+00
-inf inf
1
1
8
-1.5078542898e+00
-1.1644171010e+01
-1.1573974661e-01
6.5912156222e+00
-3.3403655656e+01
1.0480627198e+02
1.9083736184e+01
-6.7859667895e+01
CMTX
28
5:6:8:9:10
BARREL
RPHI
FLOATPT
2.0000000000e+00 3.0000000000e+00
-inf inf
-1
2
10
1.4351433374e+00
3.2664913054e-03
-2.0019732684e+00
-4.7634392928e-03
-3.3331468889e+00
-7.9272688908e-03
-3.8033288484e-01
-9.1773148620e-04
4.2803205085e+00
1.0493737320e-02
-1.2706723606e+00
-2.9408150966e-03
1.8549378811e+00
4.3850541744e-03
1.8151366811e+00
4.3110646249e-03
3.0242884477e-01
7.2351305539e-04
-1.7018458075e+00
-4.1783158135e-03
QVEC
28
5:6:8:9:10
BARREL
RPHI
FLOATPT
2.0000000000e+00 3.0000000000e+00
-inf inf
-1
1
2
-4.3440674219e-01
-7.9022422936e-01
AMTX
28
5:6:8:9:10
BARREL
RPHI
FLOATPT
2.0000000000e+00 3.0000000000e+00
-inf inf
-1
8
10
-1.4533508508e+02
-3.3693759860e-01
5.3674298327e+02
1.2941148021e+00
-1.8379543602e+03
-4.4030080356e+00
2.3777439047e+03
5.7488025048e+00
-9.3113876617e+02
-2.2719884792e+00
7.8345336373e+02
1.8728722400e+00
-1.8856637135e+03
-4.4587011815e+00
1.2501804445e+03
3.0202345244e+00
9.9307707950e+02
2.4095026456e+00
-1.1410449332e+03
-2.7864361463e+00
-5.8732958483e+02
-1.3673673311e+00
3.8503626263e+02
9.1222278526e-01
4.9860233564e+02
1.1810886618e+00
1.0532018346e+02
2.5121773019e-01
-4.0161435045e+02
-9.8116675567e-01
2.9422794545e+01
6.4974557595e-02
2.0459128622e+01
6.0054251785e-02
-2.3760778451e+00
7.0843392262e-03
-1.6695376738e+01
-2.3703178713e-02
-3.0741971757e+01
-6.5246656885e-02
6.2596461694e-03
-8.1546025540e-01
5.1963709522e-03
-3.4786155428e-01
2.9258579452e-03
6.1942547913e-01
4.4533973026e-03
-1.0955911987e-02
5.3717577836e-03
-3.8590418171e-01
2.4014626843e-02
-5.0873420326e-01
2.1623443682e-02
5.3809187662e-01
2.3299152827e-02
-8.3723287364e-02
2.2047000195e-02
4.8160432825e-01
2.2245031541e-02
4.4332981695e-01
-9.4086302274e-02
-2.5986957809e-01
-9.4912106634e-02
7.0173746053e-02
-9.4811773378e-02
-1.9706498443e-02
-9.3078697407e-02
-7.6681941129e-01
-9.6159815937e-02
4.7008158132e-01
-9.2109971546e-02
2.9869489801e-01
-9.0815480915e-02
-2.3437785549e-01
-9.2731635299e-02
5.8700734804e-01
-9.1848893825e-02
2.3162486288e-01
-9.2499678816e-02
5.0997411010e-01
KVEC
28
5:6:8:9:10
BARREL
RPHI
FLOATPT
2.0000000000e+00 3.0000000000e+00
-inf inf
-1
1
8
1.0312348260e+00
1.8400979482e+00
-1.7571374945e+00
3.5281781957e+00
-3.1132387559e+01
9.2238624241e+01
-2.2340194360e+01
1.1370384499e+02
CMTX
28
5:6:7:9:10
BARREL
RPHI
FLOATPT
2.0000000000e+00 3.0000000000e+00
-inf inf
1
2
10
1.6968785402e+00
-4.0243180386e-03
-1.9002600867e+00
4.3674787418e-03
-2.6727711543e+00
6.3639434626e-03
-8.5853748977e-01
2.1000872740e-03
3.7347921483e+00
-9.0966722463e-03
-1.3757537023e+00
3.2727740662e-03
1.6249518019e+00
-3.7956774137e-03
1.6578996456e+00
-3.9491109391e-03
4.5751003404e-01
-1.1219982030e-03
-1.3646861408e+00
3.2903500334e-03
QVEC
28
5:6:7:9:10
BARREL
RPHI
FLOATPT
2.0000000000e+00 3.0000000000e+00
-inf inf
1
1
2
4.2850874110e-01
-8.0078657220e-01
AMTX
28
5:6:7:9:10
BARREL
RPHI
FLOATPT
2.0000000000e+00 3.0000000000e+00
-inf inf
1
8
10
-1.2279530987e+02
2.9612914065e-01
9.5128077899e+02
-2.2264010501e+00
-1.7248334134e+03
4.1070852124e+00
2.0751172658e+03
-5.0302955736e+00
-1.1788044522e+03
2.8516320192e+00
-7.2894685118e+02
1.7105600564e+00
2.0515908830e+03
-4.9041265878e+00
-1.0533936916e+03
2.5066835292e+00
-1.2831854531e+03
3.0908045299e+00
1.0140082406e+03
-2.5668606213e+00
-5.9969032704e+02
1.4193782798e+00
2.6365517592e+02
-6.1595023839e-01
5.1702333910e+02
-1.2311247029e+00
1.0878521123e+02
-2.6950484768e-01
-2.8977470518e+02
7.0009185103e-01
-2.6300495875e+01
6.9143191499e-02
-1.7451792954e+01
6.3705577680e-02
-7.3919441677e+00
2.8704976286e-02
1.8693323498e+01
-1.2850153849e-03
3.2379033024e+01
-6.5818865927e-02
-1.1158417773e-01
9.8910906310e-01
-1.1432030734e-01
-1.6166618426e-01
-1.1361650474e-01
1.4044670436e-01
-1.1445518424e-01
-1.9206658736e-01
-1.1421230859e-01
-8.5113123172e-02
6.2267226645e-02
-6.2719766026e-02
6.0831397207e-02
-7.2168906514e-01
6.1341787010e-02
-5.8200020739e-01
6.2716040746e-02
-1.8216177597e-01
6.2571438216e-02
-3.2090394723e-01
-2.2445016775e-02
-4.2229355980e-02
-2.2415412912e-02
-6.4927858977e-02
-2.2623177510e-02
-1.6972588178e-01
-2.3386768690e-02
-5.5657359576e-01
-2.0091540284e-02
7.5661424002e-01
7.9961052331e-02
-1.7075523540e-01
8.0685909085e-02
9.0275288537e-02
8.1608759710e-02
4.0425254321e-01
7.9323363825e-02
-7.1048030447e-01
8.0216268995e-02
-4.2195292370e-01
KVEC
28
5:6:7:9:10
BARREL
RPHI
FLOATPT
2.0000000000e+00 3.0000000000e+00
-inf inf
1
1
8
-2.2384335218e+00
-1.3674152647e+01
-1.5833320351e-01
6.5443472819e+00
-2.8851101687e+00
-1.0697902402e+02
2.0263444313e+01
-8.8199476964e+01
CMTX
28
5:6:7:9:10
BARREL
RPHI
FLOATPT
2.0000000000e+00 3.0000000000e+00
-inf inf
-1
2
10
1.5763006215e+00
3.6542287144e-03
-1.5342430375e+00
-3.6958856550e-03
-2.9338547690e+00
-6.9898081839e-03
-9.2283335950e-01
-2.2393911084e-03
3.8145632374e+00
9.3291145534e-03
-1.3131306334e+00
-3.0734777859e-03
1.4183878380e+00
3.3745141059e-03
1.8116961396e+00
4.3141823528e-03
4.9338263454e-01
1.1919091381e-03
-1.4103067846e+00
-3.4497239914e-03
QVEC
28
5:6:7:9:10
BARREL
RPHI
FLOATPT
2.0000000000e+00 3.0000000000e+00
-inf inf
-1
1
2
-4.2508612978e-01
-7.9589781029e-01
AMTX
28
5:6:7:9:10
BARREL
RPHI
FLOATPT
2.0000000000e+00 3.0000000000e+00
-inf inf
-1
8
10
3.4356822459e+02
7.8558950773e-01
-1.5723723454e+03
-3.7092583748e+00
2.0398621144e+03
4.8340640009e+00
-1.6493925372e+03
-3.9766809341e+00
8.3833743713e+02
2.0694995628e+00
-6.6647749864e+02
-1.5946347705e+00
1.7150602336e+03
4.0353358143e+00
-5.5251941224e+02
-1.3000647243e+00
-1.7962793362e+03
-4.3535187348e+00
1.3001758609e+03
3.1657119750e+00
6.0288172979e+02
1.4141801736e+00
-2.6766085458e+02
-6.4021010406e-01
-5.1626766810e+02
-1.2265263018e+00
-1.0988518321e+02
-2.6412751042e-01
2.9090607802e+02
7.0639062653e-01
2.6285022484e+01
6.0050297465e-02
1.7558790821e+01
5.4475800341e-02
7.3120070970e+00
2.0336368251e-02
-1.8689219030e+01
-2.8815370766e-02
-3.2401038106e+01
-6.8043201478e-02
1.8777580294e-02
-8.8397654766e-01
1.7497581782e-02
-3.4988078585e-01
1.6157798118e-02
2.0726780918e-01
1.6790394028e-02
-8.8861549096e-02
1.7538624547e-02
-4.1863107005e-01
-7.7610006916e-02
4.4983784113e-01
-7.5555848330e-02
-4.5670708238e-01
-7.7844077436e-02
4.7677821581e-01
-7.5622624897e-02
-5.5109340073e-01
-7.6512685587e-02
-2.3101510828e-01
-1.0859628546e-01
-3.2011430541e-01
-1.0997725209e-01
2.6122185779e-01
-1.0998363583e-01
2.5665489701e-01
-1.0829224564e-01
-4.5568435242e-01
-1.1102393861e-01
6.5871857968e-01
-5.2148562899e-02
3.4880903208e-02
-5.2000694952e-02
-1.2504738140e-02
-5.3604235334e-02
6.8019828648e-01
-5.3354261582e-02
6.0790166794e-01
-5.2157697835e-02
1.3362491688e-01
KVEC
28
5:6:7:9:10
BARREL
RPHI
FLOATPT
2.0000000000e+00 3.0000000000e+00
-inf inf
-1
1
8
2.5750749306e+00
-1.3843013686e+00
1.6067502834e-01
3.0057966690e+00
-7.4972434850e+01
-5.5729472594e+01
4.5216961127e+01
1.0281637945e+02
CMTX
28
5:6:7:8:10
BARREL
RPHI
FLOATPT
2.0000000000e+00 3.0000000000e+00
-inf inf
1
2
10
1.4601969007e+00
-3.3914679939e-03
-1.4527052693e+00
3.3032986837e-03
-1.6108401427e+00
3.8491250536e-03
-2.2556176214e+00
5.3477243375e-03
3.8589838901e+00
-9.4033997441e-03
-1.2637795264e+00
2.9720022292e-03
1.4098005081e+00
-3.2846278021e-03
1.1522521970e+00
-2.7518711259e-03
1.1033435080e+00
-2.6165252909e-03
-1.4016528240e+00
3.3819627897e-03
QVEC
28
5:6:7:8:10
BARREL
RPHI
FLOATPT
2.0000000000e+00 3.0000000000e+00
-inf inf
1
1
2
4.3348726982e-01
-8.0344348855e-01
AMTX
28
5:6:7:8:10
BARREL
RPHI
FLOATPT
2.0000000000e+00 3.0000000000e+00
-inf inf
1
8
10
7.5831912220e+01
-1.2119802749e-01
-8.6246546863e+02
2.0402990720e+00
2.3210080855e+03
-5.5152342581e+00
-1.9442600867e+03
4.6391321634e+00
4.0980533843e+02
-9.5771740520e-01
8.0877804828e+02
-1.9409597670e+00
-2.1647036847e+03
5.1584598063e+00
5.0175246538e+02
-1.2007625641e+00
1.4625473975e+03
-3.5107677161e+00
-6.0836678625e+02
1.5682043977e+00
-5.5512109517e+02
1.3034772102e+00
1.7451157386e+02
-4.0383371325e-01
3.9066300454e+02
-9.3222681202e-01
3.0160998226e+02
-7.1140236562e-01
-3.1165474339e+02
7.5508414771e-01
-2.7611849423e+01
7.1537139916e-02
-1.7215144986e+01
6.1057498609e-02
-5.3948848791e+00
2.4069289610e-02
8.8297795554e+00
-1.2136495678e-02
4.1325326442e+01
-8.8126139708e-02
-6.2296986693e-02
9.3791859911e-01
-6.4620946696e-02
-4.1918005783e-02
-6.4153087698e-02
1.6963616006e-01
-6.5942058964e-02
-5.7856338633e-01
-6.4628057830e-02
1.4801890373e-02
2.3804224966e-02
1.3306159998e-01
2.1825792450e-02
-7.3470609463e-01
2.2362605261e-02
-5.6030936530e-01
2.4021615017e-02
8.2395885060e-02
2.3201980001e-02
-3.6933752980e-01
-2.7634405943e-03
-7.2367470362e-02
-2.8636330091e-03
-1.2823572911e-01
-3.6021248194e-03
-4.2311603734e-01
-3.0979112254e-03
-2.0958310756e-01
-5.9223545841e-04
8.2335618533e-01
2.3033241651e-01
-3.3844163694e-01
2.3118211036e-01
-1.8555268587e-02
2.3138898575e-01
1.8331316877e-02
2.2984359740e-01
-6.7514517857e-01
2.3129698038e-01
-1.9145216462e-01
KVEC
28
5:6:7:8:10
BARREL
RPHI
FLOATPT
2.0000000000e+00 3.0000000000e+00
-inf inf
1
1
8
4.3964752235e+00
9.6140907950e+00
1.1558242555e+00
3.1396622688e+00
-9.8441097072e+00
-8.5538644757e+01
4.6748980675e+01
-7.3092988527e+01
CMTX
28
5:6:7:8:10
BARREL
RPHI
FLOATPT
2.0000000000e+00 3.0000000000e+00
-inf inf
-1
2
10
1.3206585602e+00
3.0218219771e-03
-1.0435084194e+00
-2.5103159711e-03
-1.8021622232e+00
-4.3168733581e-03
-2.4237068879e+00
-5.7748945399e-03
3.9487066115e+00
9.6672600063e-03
-1.1916599680e+00
-2.7724566812e-03
1.1810095479e+00
2.8013534586e-03
1.2722917688e+00
3.0401073069e-03
1.1888192291e+00
2.8290049736e-03
-1.4504580183e+00
-3.5524732959e-03
QVEC
28
5:6:7:8:10
BARREL
RPHI
FLOATPT
2.0000000000e+00 3.0000000000e+00
-inf inf
-1
1
2
-4.2903659865e-01
-7.9423213358e-01
AMTX
28
5:6:7:8:10
BARREL
RPHI
FLOATPT
2.0000000000e+00 3.0000000000e+00
-inf inf
-1
8
10
2.3352093920e+02
5.1745971426e-01
-1.2906357991e+03
-3.0243860271e+00
2.4333779128e+03
5.7589364254e+00
-1.6563147851e+03
-3.9308801731e+00
2.8010230533e+02
7.0872755431e-01
-7.9217233876e+02
-1.8874919476e+00
2.0216508553e+03
4.7888224786e+00
-1.3666075857e+02
-3.2489983330e-01
-1.7727823057e+03
-4.2722886658e+00
6.7998327960e+02
1.6599083514e+00
-5.5838549987e+02
-1.3048296507e+00
1.7813553263e+02
4.2613807485e-01
3.9008664818e+02
9.2835036458e-01
3.0271147023e+02
7.1738040025e-01
-3.1252856638e+02
-7.5991666210e-01
2.7612798123e+01
6.1003782787e-02
1.7351488047e+01
5.1902690476e-02
5.3046691000e+00
1.6634350751e-02
-8.8317693216e+00
-8.1940138097e-03
-4.1378122958e+01
-9.1160822099e-02
-1.2369307926e-03
-8.0387486357e-01
-2.2315672520e-03
-3.6537443578e-01
-3.4014593829e-03
1.3341591996e-01
-4.5312337169e-03
6.1491450567e-01
-2.0844327168e-03
-3.8913294997e-01
-2.6700168041e-02
5.6986122580e-01
-2.4146930695e-02
-5.3150588358e-01
-2.6378865096e-02
3.9512678620e-01
-2.5638244700e-02
4.8130388192e-02
-2.4504185860e-02
-4.6575929043e-01
1.2885193260e-01
1.4647913536e-01
1.2920908964e-01
-5.0964344385e-03
1.3097919423e-01
-7.5198930419e-01
1.2907829745e-01
4.8581671823e-02
1.3037256450e-01
-4.8336291001e-01
7.3467202686e-02
-2.9795181505e-01
7.2202882762e-02
2.2609808788e-01
7.2093335551e-02
2.7027872041e-01
7.4185519709e-02
-6.1387805268e-01
7.3837252155e-02
-4.7671317607e-01
KVEC
28
5:6:7:8:10
BARREL
RPHI
FLOATPT
2.0000000000e+00 3.0000000000e+00
-inf inf
-1
1
8
4.2697035878e+00
-8.9585174396e-01
-6.0661111048e-01
2.2356863406e+00
-2.4443499548e+01
-3.2831973675e+01
-8.3216778162e+01
-7.8102624702e+01
CMTX
28
5:6:7:8:9
BARREL
RPHI
FLOATPT
2.0000000000e+00 3.0000000000e+00
-inf inf
1
2
10
2.1641717570e+00
-5.0437114750e-03
-2.9065543625e+00
6.8635519773e-03
-3.1743803602e+00
7.5703357490e-03
-1.6140153245e+00
3.8236018419e-03
5.5306517717e+00
-1.3365543298e-02
-1.5193987750e+00
3.5723570642e-03
1.9394684094e+00
-4.5802147821e-03
1.7291012337e+00
-4.1246284330e-03
8.4909792633e-01
-2.0132629921e-03
-1.9982552029e+00
4.8233111041e-03
QVEC
28
5:6:7:8:9
BARREL
RPHI
FLOATPT
2.0000000000e+00 3.0000000000e+00
-inf inf
1
1
2
4.2647633641e-01
-8.0397994722e-01
AMTX
28
5:6:7:8:9
BARREL
RPHI
FLOATPT
2.0000000000e+00 3.0000000000e+00
-inf inf
1
8
10
3.2976728881e+01
-1.5074403963e-01
3.8592509873e+02
-9.1911951036e-01
-1.8867157702e+03
4.4787088733e+00
2.4173673525e+03
-5.7761301785e+00
-9.4944354657e+02
2.2995741976e+00
-6.9300079380e+02
1.6579102572e+00
2.1868026415e+03
-5.1910484545e+00
-1.2868413866e+03
3.0680577508e+00
-1.0233740234e+03
2.4608548281e+00
8.1639564102e+02
-1.9940369976e+00
-6.4214265627e+02
1.5095365443e+00
3.5114258249e+02
-8.3261548344e-01
5.2074813085e+02
-1.2419283432e+00
1.9307633305e+02
-4.5273173301e-01
-4.2280385233e+02
1.0156711848e+00
-4.0126306045e+01
9.9182908150e-02
-2.2917588723e+01
7.6828032111e-02
-3.4882674190e+00
1.8996095620e-02
1.9809390132e+01
-3.7239126188e-02
4.6659215449e+01
-6.9028957905e-02
-5.9980748319e-02
9.3762925771e-01
-6.2321443613e-02
-6.1452906354e-02
-6.1777589997e-02
1.6600127329e-01
-6.3496591790e-02
-5.7126403080e-01
-6.2454723798e-02
-1.2538362006e-01
2.1576569679e-02
7.8804529328e-02
1.9743048056e-02
-7.4517336702e-01
2.0196421457e-02
-6.1349515331e-01
2.2005176626e-02
7.5003790380e-02
2.1417520428e-02
-2.5132949633e-01
1.9031951749e-02
-7.8625334916e-02
1.9471268665e-02
5.9322635443e-02
2.0202335072e-02
3.0344872484e-01
1.9982781236e-02
1.3806665348e-01
1.7693912458e-02
-8.9201115565e-01
2.2159048988e-01
-3.5580632241e-01
2.2251274300e-01
-8.2184387318e-03
2.2251600075e-01
-5.4053286679e-02
2.2107625497e-01
-7.0344377616e-01
2.2275607592e-01
-7.2456811900e-02
KVEC
28
5:6:7:8:9
BARREL
RPHI
FLOATPT
2.0000000000e+00 3.0000000000e+00
-inf inf
1
1
8
-4.7711406878e-01
-1.4375818541e+00
4.8996803691e-01
5.7921395013e+00
-2.2914099026e+01
-7.2816717830e+01
-5.3782391255e+01
-6.4557022719e+01
CMTX
28
5:6:7:8:9
BARREL
RPHI
FLOATPT
2.0000000000e+00 3.0000000000e+00
-inf inf
-1
2
10
2.0380956249e+00
4.8005050773e-03
-2.5161362354e+00
-5.9705787066e-03
-3.4744166451e+00
-8.2936445856e-03
-1.6668816495e+00
-3.9472398376e-03
5.6194007071e+00
1.3587481328e-02
-1.4579845846e+00
-3.4324223526e-03
1.7328014767e+00
4.0982212764e-03
1.8894074525e+00
4.5077219720e-03
8.8622847629e-01
2.0985530557e-03
-2.0504776068e+00
-4.9623901596e-03
QVEC
28
5:6:7:8:9
BARREL
RPHI
FLOATPT
2.0000000000e+00 3.0000000000e+00
-inf inf
-1
1
2
-4.2703866142e-01
-7.9473305929e-01
AMTX
28
5:6:7:8:9
BARREL
RPHI
FLOATPT
2.0000000000e+00 3.0000000000e+00
-inf inf
-1
8
10
1.7970678417e+02
3.9326370261e-01
-1.0489151222e+03
-2.4500429205e+00
2.2262953609e+03
5.2659390013e+00
-1.9996491635e+03
-4.7541280761e+00
6.4262733359e+02
1.5660583652e+00
-6.8827207887e+02
-1.6248721594e+00
2.0522711935e+03
4.8629344171e+00
-7.7860842325e+02
-1.8483909319e+00
-1.6599054380e+03
-4.0055874135e+00
1.0745394819e+03
2.5884053411e+00
6.4622776849e+02
1.5194811854e+00
-3.5813086842e+02
-8.5018210147e-01
-5.1736776356e+02
-1.2314504216e+00
-1.9404028101e+02
-4.5598651908e-01
4.2329447389e+02
1.0254071171e+00
4.0098628109e+01
8.8533916682e-02
2.3119401511e+01
6.4945710259e-02
3.3283688450e+00
1.1548515005e-02
-1.9817366390e+01
-3.3296972317e-02
-4.6673024539e+01
-9.6667663419e-02
1.4519419961e-02
8.7932381682e-01
1.5824372698e-02
3.0157711821e-01
1.6813964424e-02
-1.2736902435e-01
1.7924406494e-02
-6.1398137027e-01
1.6327768963e-02
3.2585351527e-02
-1.0076837789e-01
2.8972629368e-01
-9.9120561237e-02
-4.3982191353e-01
-1.0151063612e-01
5.3983574469e-01
-1.0043938817e-01
4.0264922683e-02
-9.8920964229e-02
-6.2877487302e-01
-2.4467516663e-02
-4.3278346487e-01
-2.6709817172e-02
5.0047882460e-01
-2.5649501518e-02
4.0068131121e-02
-2.4597357224e-02
-4.1331800074e-01
-2.4376333360e-02
-5.2152799104e-01
4.0221909824e-02
1.1738735182e-01
4.0830995692e-02
-1.4963312482e-01
4.2174718859e-02
-7.2952452405e-01
3.9869840588e-02
2.2560779356e-01
4.1539650343e-02
-4.8572602503e-01
KVEC
28
5:6:7:8:9
BARREL
RPHI
FLOATPT
2.0000000000e+00 3.0000000000e+00
-inf inf
-1
1
8
2.7034681304e+00
-1.7390517065e+00
1.1611232728e+00
2.6535059699e+00
-1.4709925156e+01
-3.4919763802e+01
-6.4550846282e+01
-6.7018592508e+01
