56
CMTX
17
5:6:7:8:9:10
BARREL
RPHI
FLOATPT
2.0000000000e+00 3.0000000000e+00
-inf inf
1
2
12
1.4782543654e+00
-3.4615899757e-03
-1.4683412926e+00
3.3957101492e-03
-1.5851112710e+00
3.7834017731e-03
-2.3073419422e+00
5.4321500268e-03
2.4713645208e-02
-5.4161080680e-05
3.8576878298e+00
-9.4171710146e-03
-1.2250337533e+00
2.8931506496e-03
1.2925192369e+00
-3.0269208466e-03
1.2049502658e+00
-2.8657995651e-03
1.1492588480e+00
-2.7064911035e-03
2.5474254996e-03
-6.6384090165e-06
-1.4242117327e+00
3.4693370708e-03
QVEC
17
5:6:7:8:9:10
BARREL
RPHI
FLOATPT
2.0000000000e+00 3.0000000000e+00
-inf inf
1
1
2
4.3654187948e-01
-8.4978568084e-03
AMTX
17
5:6:7:8:9:10
BARREL
RPHI
FLOATPT
2.0000000000e+00 3.0000000000e+00
-inf inf
1
10
12
-8.8924455589e+01
2.4435588060e-01
5.6108925348e+02
-1.3187373544e+00
-5.0138762643e+02
1.1911435126e+00
-1.3812627710e+03
3.3176941234e+00
2.5689172720e+03
-6.2183413359e+00
-1.1584831695e+03
2.8446761038e+00
7.7359523321e+01
-1.5283998594e-01
-8.7267730419e+02
2.0512609203e+00
2.3347568387e+03
-5.5650351564e+00
-1.8651967983e+03
4.4532144962e+00
-1.4265155186e+02
3.4685345392e-01
4.6847440756e+02
-1.1222182255e+00
-7.8675273819e+02
1.8676103539e+00
1.9821022970e+03
-4.7208654328e+00
-3.3253779239e+02
7.8994295705e-01
-1.0911215989e+03
2.6353819385e+00
-6.9525020544e+02
1.6922078633e+00
9.2354639077e+02
-2.2734716281e+00
-5.5435965600e+02
1.3074104810e+00
1.7142175124e+02
-3.9861313741e-01
3.8666938677e+02
-9.1947962884e-01
2.9589488582e+02
-6.9619955283e-01
2.9513066778e+01
-7.4170637517e-02
-3.2912345877e+02
8.0392848991e-01
-2.6763212298e+01
6.5161408988e-02
-1.8194054409e+01
4.4906562251e-02
-7.9974210393e+00
1.2568748324e-02
3.8996237184e+00
-6.0162780692e-03
1.7698201824e+01
-5.0709385164e-02
3.1299701421e+01
-4.3818736888e-02
-4.8481134781e-02
9.0407125791e-01
-4.9571928552e-02
4.2642121107e-01
-5.0730268941e-02
-7.6025891917e-02
-5.1442085072e-02
-3.9274465339e-01
-5.0121024510e-02
1.4446200376e-01
-5.1283273429e-02
-3.5441326681e-01
-1.1796367637e-02
-2.5955462884e-01
-9.8082675113e-03
5.6025122713e-01
-1.0269925802e-02
3.2759914012e-01
-9.8347133531e-03
4.7662721120e-01
-1.0772324509e-02
3.6192749183e-02
-1.2127986802e-02
-5.6255311864e-01
5.4157644375e-02
5.1738809993e-02
5.4332891625e-02
1.2637094243e-01
5.5506351702e-02
6.2721739119e-01
5.3282508087e-02
-2.9940859046e-01
5.2377235970e-02
-6.6405263094e-01
5.4374981590e-02
1.6463620614e-01
-1.0963331013e-01
1.9917317947e-01
-1.1065639883e-01
-2.1891851741e-01
-1.1100591410e-01
-3.5565882014e-01
-1.0933507610e-01
3.5826240205e-01
-1.1177871228e-01
-6.3749905698e-01
-1.1086323838e-01
-2.4181157880e-01
7.2492437298e-02
-3.9194692935e-01
7.3359151373e-02
-6.0460966922e-02
7.2950494573e-02
-2.6873230333e-01
7.2362666697e-02
-5.5277147702e-01
7.3478267729e-02
-1.4039347492e-01
7.2651097414e-02
-5.2161028963e-01
KVEC
17
5:6:7:8:9:10
BARREL
RPHI
FLOATPT
2.0000000000e+00 3.0000000000e+00
-inf inf
1
1
10
3.0357503581e+00
7.0941510761e-01
-1.5545541087e+00
1.9216511635e+00
2.5255647907e+00
-2.0783549135e+01
5.5995763245e+00
-2.3598805035e+01
-8.0073497286e+01
-1.3048509205e+02
CMTX
17
5:6:7:8:9:10
BARREL
RPHI
FLOATPT
2.0000000000e+00 3.0000000000e+00
-inf inf
-1
2
12
1.4798889363e+00
3.4938456420e-03
-1.4836921779e+00
-3.6860653133e-03
-1.5002460777e+00
-3.5515854866e-03
-2.4492011824e+00
-5.8296089643e-03
1.1046643509e-01
2.4835289446e-04
3.8429977047e+00
9.4794783208e-03
-1.2430619991e+00
-2.9299200261e-03
1.3864717459e+00
3.3480288866e-03
1.0788668446e+00
2.5630936051e-03
1.2191088675e+00
2.9038854020e-03
-3.2749302665e-02
-6.6659061887e-05
-1.4087225032e+00
-3.5127004558e-03
QVEC
17
5:6:7:8:9:10
BARREL
RPHI
FLOATPT
2.0000000000e+00 3.0000000000e+00
-inf inf
-1
1
2
-4.3527005247e-01
1.0749295273e-02
AMTX
17
5:6:7:8:9:10
BARREL
RPHI
FLOATPT
2.0000000000e+00 3.0000000000e+00
-inf inf
-1
10
12
1.9365304499e+02
4.7969203419e-01
-1.1300649913e+03
-2.7148087844e+00
1.6723515156e+03
3.9543920944e+00
3.1514034970e+02
7.3552061645e-01
-2.2152982228e+03
-5.3545388530e+00
1.1642157218e+03
2.8979573497e+00
-1.2699614074e+02
-2.6952688873e-01
7.3709417493e+02
1.7125792182e+00
-1.7921249002e+03
-4.2603787205e+00
2.1452252051e+03
5.1270692629e+00
-1.2723560546e+03
-3.0722430782e+00
3.0915615455e+02
7.3354117289e-01
7.8065561173e+02
1.8243681166e+00
-1.9008267305e+03
-4.4508810091e+00
5.3390283387e+01
1.0959677970e-01
1.3275921330e+03
3.1780431392e+00
7.4070389606e+02
1.7881030107e+00
-1.0015484882e+03
-2.3753280295e+00
5.5312233722e+02
1.3028845332e+00
-1.7143207877e+02
-4.1597256010e-01
-3.8677362491e+02
-9.1818495679e-01
-2.9428071154e+02
-6.9912737732e-01
-2.6687736290e+01
-6.6226569764e-02
3.2605328621e+02
8.1028312599e-01
2.6869544545e+01
6.4087253470e-02
1.8136853390e+01
3.0137419283e-02
8.1284473511e+00
1.5899114497e-02
-3.8916418370e+00
6.1346778637e-03
-1.7808475285e+01
-4.6884109422e-02
-3.1373827370e+01
-6.9652354898e-02
1.7592479627e-02
8.7617286933e-01
2.0400618850e-02
-3.1348782842e-01
1.9630831535e-02
8.7555953815e-03
2.1022136870e-02
-5.7640364323e-01
1.9816824221e-02
-6.4541606795e-02
1.8963821083e-02
2.7163988970e-01
-1.3313047909e-02
-1.8731611432e-01
-1.2977821286e-02
-3.1259281491e-01
-1.2189655456e-02
-6.4073899823e-01
-1.3608849862e-02
-3.3093217953e-02
-1.5074703804e-02
5.8878930528e-01
-1.4465385958e-02
3.3964473924e-01
2.3440377219e-02
3.6817216837e-01
2.3029848915e-02
5.1367884783e-01
2.4530731742e-02
-1.3273704071e-01
2.4200091903e-02
-1.5976375060e-02
2.2796143648e-02
5.3991738134e-01
2.5294978170e-02
-5.0638307538e-01
5.6358616236e-02
-2.0038889489e-02
5.5393552451e-02
4.0043110794e-01
5.5286830949e-02
4.3548944983e-01
5.6246193827e-02
3.3399492266e-02
5.5544342474e-02
3.2270448453e-01
5.4784804495e-02
6.3622968482e-01
6.1799054252e-02
4.1158844164e-01
6.3186811053e-02
-1.4485245832e-01
6.3125868682e-02
-8.3855292768e-02
6.1164198088e-02
7.7512143910e-01
6.3253470620e-02
-5.0537632688e-02
6.2952069668e-02
1.1365995324e-01
KVEC
17
5:6:7:8:9:10
BARREL
RPHI
FLOATPT
2.0000000000e+00 3.0000000000e+00
-inf inf
-1
1
10
3.1639302000e+00
-3.1279564653e+00
6.3369190914e+00
2.3649267910e+00
6.7558195010e-01
-6.4713524966e+00
3.8613712503e+01
1.2301554182e+01
1.3553807487e+02
6.1119574314e+01
CMTX
17
6:7:8:9:10
BARREL
RPHI
FLOATPT
2.0000000000e+00 3.0000000000e+00
-inf inf
1
2
10
1.3147378999e+00
-3.2231256672e-03
-2.0153576534e+00
4.8079589479e-03
-3.3605218063e+00
8.0018809817e-03
-4.3484361234e-01
1.0654988632e-03
4.4958337932e+00
-1.0994215069e-02
-1.0137821714e+00
2.4553309982e-03
1.5604065133e+00
-3.7114690911e-03
2.0243736349e+00
-4.8381106306e-03
3.8167318557e-01
-9.3114980865e-04
-1.9526251228e+00
4.7768229952e-03
QVEC
17
6:7:8:9:10
BARREL
RPHI
FLOATPT
2.0000000000e+00 3.0000000000e+00
-inf inf
1
1
2
4.3678632459e-01
-8.4383238525e-03
AMTX
17
6:7:8:9:10
BARREL
RPHI
FLOATPT
2.0000000000e+00 3.0000000000e+00
-inf inf
1
8
10
-3.3131397615e+02
7.7679932382e-01
3.7270840733e+02
-8.8576837831e-01
1.3600034220e+03
-3.2687672384e+00
-2.6110331391e+03
6.3221252299e+00
1.2096752177e+03
-2.9745181171e+00
7.0947940715e+02
-1.6590208552e+00
-2.3186295678e+03
5.5257194559e+00
1.8966810493e+03
-4.5347669199e+00
2.9637265531e+02
-7.1877124866e-01
-5.8397545360e+02
1.4045797694e+00
-1.0418909682e+03
2.4886819391e+00
6.0495649427e+02
-1.4389396012e+00
8.5228995698e+02
-2.0453842458e+00
3.2123951247e+02
-7.8508365635e-01
-7.3657390840e+02
1.8099095653e+00
3.6435673000e+01
-8.7698768229e-02
2.0704006347e+01
-4.2611894491e-02
2.2805249683e+00
-8.8375545261e-03
-1.9120381897e+01
5.4173690064e-02
-4.0234376307e+01
6.5604719520e-02
-2.8234950939e-02
6.9596847622e-01
-2.9385168169e-02
1.6695820375e-01
-2.9358788019e-02
1.3781573269e-01
-2.9122149742e-02
1.7799490904e-01
-3.1152059901e-02
-7.0698316227e-01
-1.0246823895e-01
-1.8780135272e-01
-1.0362092982e-01
-6.6931405120e-01
-1.0140329924e-01
2.6709840113e-01
-1.0058551109e-01
6.1101239776e-01
-1.0236896229e-01
-1.1577416111e-01
1.3506353906e-01
8.9043117068e-02
1.3448330518e-01
-1.7830472675e-01
1.3295166061e-01
-8.4953070318e-01
1.3580919495e-01
3.0226562533e-01
1.3498153738e-01
-7.2001465003e-02
-8.7634999804e-02
-1.7297696758e-01
-8.8267004870e-02
-4.4323329622e-01
-8.7631549427e-02
-1.7743290785e-01
-8.8692096472e-02
-6.1945412138e-01
-8.8277950020e-02
-4.4714907412e-01
KVEC
17
6:7:8:9:10
BARREL
RPHI
FLOATPT
2.0000000000e+00 3.0000000000e+00
-inf inf
1
1
8
-2.7824970259e+00
-1.8475257863e-01
2.5228963727e+00
-2.4169554600e+00
-1.8097360554e+01
1.8574223601e+01
-4.4034471577e+01
-1.4426453028e+02
CMTX
17
6:7:8:9:10
BARREL
RPHI
FLOATPT
2.0000000000e+00 3.0000000000e+00
-inf inf
-1
2
10
1.4016178738e+00
3.1019194979e-03
-2.0790491057e+00
-4.9019048212e-03
-3.4608970913e+00
-8.2488112995e-03
-3.3854533150e-01
-8.3181637369e-04
4.4771202071e+00
1.0910610125e-02
-1.0371116836e+00
-2.3534180817e-03
1.5650881901e+00
3.6973644899e-03
2.0686510148e+00
4.9361040451e-03
3.4482334804e-01
8.4170885978e-04
-1.9415653706e+00
-4.7154758058e-03
QVEC
17
6:7:8:9:10
BARREL
RPHI
FLOATPT
2.0000000000e+00 3.0000000000e+00
-inf inf
-1
1
2
-4.2381996276e-01
1.1976744719e-03
AMTX
17
6:7:8:9:10
BARREL
RPHI
FLOATPT
2.0000000000e+00 3.0000000000e+00
-inf inf
-1
8
10
-5.5096281972e+02
-1.3564489418e+00
1.1115195739e+03
2.6246669572e+00
6.5963777887e+02
1.5639419727e+00
-2.5625048643e+03
-6.1921309022e+00
1.3423093988e+03
3.3107924931e+00
6.0341580376e+02
1.4168922251e+00
-2.1032310610e+03
-4.9984699508e+00
2.2099408935e+03
5.2901853833e+00
-5.5462355591e+02
-1.3378464328e+00
-1.5551115788e+02
-4.0002568687e-01
-1.0525855975e+03
-2.4577564453e+00
5.9408760083e+02
1.4000399164e+00
8.8107519242e+02
2.1019181005e+00
3.2119512299e+02
7.7637271716e-01
-7.4379388993e+02
-1.7828827953e+00
-3.6418741986e+01
-7.3745590932e-02
-2.0963650798e+01
-4.6595399991e-02
-2.3284461790e+00
-2.1094634151e-02
1.9280213555e+01
5.0244509950e-02
4.0361609302e+01
9.2537371385e-02
2.8648370107e-02
6.1442005387e-01
2.9509328995e-02
2.5220585572e-01
2.8906653629e-02
4.9573711436e-01
3.0093333968e-02
-1.3511602440e-02
3.1531652650e-02
-5.9875286286e-01
6.9965191608e-03
9.2010039915e-02
8.6334905730e-03
-5.9839859252e-01
6.8821343247e-03
1.3732657591e-01
5.3309692745e-03
7.7941269226e-01
7.3635958541e-03
-5.9779738438e-02
1.3142503800e-01
2.0957700772e-01
1.3117902113e-01
3.3031028692e-01
1.3116481185e-01
3.6594418175e-01
1.3161327275e-01
2.1099364159e-01
1.3053942318e-01
6.8499082105e-01
-2.3228383981e-03
-4.3736139565e-01
-2.5295050827e-03
-3.1393092746e-01
-4.8697781524e-03
7.0410413217e-01
-2.3198857545e-03
-3.1268168886e-01
-3.0056637224e-03
8.2337906553e-03
KVEC
17
6:7:8:9:10
BARREL
RPHI
FLOATPT
2.0000000000e+00 3.0000000000e+00
-inf inf
-1
1
8
5.7159501381e-01
-2.7207959946e+00
2.0988393666e+00
-5.7919028834e-01
2.9546404548e+00
4.5051863367e+01
1.4229854352e+02
-1.0130284940e+01
CMTX
17
5:7:8:9:10
BARREL
RPHI
FLOATPT
2.0000000000e+00 3.0000000000e+00
-inf inf
1
2
10
9.6198389736e-01
-2.2266668573e-03
-2.4389339489e+00
5.8226618328e-03
-2.6708899645e+00
6.3200832857e-03
8.5577700802e-02
-1.9359149747e-04
4.0620906866e+00
-9.9428239795e-03
-7.7044731232e-01
1.8108501776e-03
1.9545772188e+00
-4.6536517166e-03
1.4708203114e+00
-3.4923316942e-03
-4.9077325079e-02
1.1262612194e-04
-1.6058141518e+00
3.9308084314e-03
QVEC
17
5:7:8:9:10
BARREL
RPHI
FLOATPT
2.0000000000e+00 3.0000000000e+00
-inf inf
1
1
2
4.3442218142e-01
-7.7179620020e-03
AMTX
17
5:7:8:9:10
BARREL
RPHI
FLOATPT
2.0000000000e+00 3.0000000000e+00
-inf inf
1
8
10
-2.7008243295e+01
2.2912115586e-02
-4.2078993169e+02
1.0067963675e+00
1.8498979061e+03
-4.4320947460e+00
-2.3954800537e+03
5.7990952971e+00
9.9340282074e+02
-2.4510790036e+00
2.7034432858e+02
-6.6200256792e-01
-1.9696400848e+03
4.6929278768e+00
1.6741823286e+03
-4.0049007021e+00
1.1636441212e+03
-2.8231389451e+00
-1.1385940801e+03
2.7786450800e+00
4.9248595656e+02
-1.1595898757e+00
-4.6877782519e+02
1.1154974104e+00
-3.5127120215e+02
8.3081598478e-01
-4.1452406980e+01
1.0394716233e-01
3.6899573707e+02
-9.0393699089e-01
3.6378988466e+01
-8.8040635132e-02
1.3906799964e+01
-2.6349518076e-02
-3.2113945249e-01
-3.0888208887e-03
-1.6819907596e+01
4.8601899060e-02
-3.3081698671e+01
4.8218758718e-02
-7.9519926271e-02
9.4304374282e-01
-8.2228604183e-02
-2.0962994970e-01
-8.2836040767e-02
-4.7023404582e-01
-8.1390408229e-02
1.3760802616e-01
-8.2230090867e-02
-2.1026841603e-01
1.1926765452e-01
7.2575119744e-02
1.2019980474e-01
4.7750344141e-01
1.1785219085e-01
-4.9910104163e-01
1.1768465338e-01
-5.5231719347e-01
1.1991098781e-01
3.7316300448e-01
-1.2466399825e-01
1.6152888694e-01
-1.2427958230e-01
3.0341572415e-01
-1.2408114422e-01
3.7538797941e-01
-1.2628409469e-01
-5.5292760856e-01
-1.2622286689e-01
-5.3652884752e-01
1.5212593124e-01
-2.7802632345e-01
1.5349477614e-01
1.7912864105e-01
1.5225236743e-01
-4.1268710080e-01
1.5396251506e-01
2.0767484982e-01
1.5203034801e-01
-6.6328406664e-01
KVEC
17
5:7:8:9:10
BARREL
RPHI
FLOATPT
2.0000000000e+00 3.0000000000e+00
-inf inf
1
1
8
-3.0384655207e+00
1.4620290275e-01
-1.7363978101e+00
-2.4730054226e+00
-3.2285295887e+01
-1.6109259136e+01
-6.2850390338e+01
-7.7512827153e+01
CMTX
17
5:7:8:9:10
BARREL
RPHI
FLOATPT
2.0000000000e+00 3.0000000000e+00
-inf inf
-1
2
10
9.6732035748e-01
2.2789100116e-03
-2.3909778938e+00
-5.6429307051e-03
-2.7944576192e+00
-6.6384325562e-03
1.8977168168e-01
4.4916523615e-04
4.0285816702e+00
9.8573110247e-03
-7.6363058824e-01
-1.8004195847e-03
1.9066175358e+00
4.5118225672e-03
1.5385824891e+00
3.6589980219e-03
-8.9177912331e-02
-2.0793568804e-04
-1.5924975733e+00
-3.8996720978e-03
QVEC
17
5:7:8:9:10
BARREL
RPHI
FLOATPT
2.0000000000e+00 3.0000000000e+00
-inf inf
-1
1
2
-4.3711276730e-01
9.0609159876e-03
AMTX
17
5:7:8:9:10
BARREL
RPHI
FLOATPT
2.0000000000e+00 3.0000000000e+00
-inf inf
-1
8
10
4.1736993940e+01
6.3193260025e-02
2.9063585355e+02
7.0006525416e-01
-1.7170988100e+03
-4.0958548021e+00
2.4532538147e+03
5.9250522494e+00
-1.0685297941e+03
-2.6173857026e+00
2.6532588964e+02
6.2188636354e-01
-1.9813922269e+03
-4.7094442986e+00
1.7870171736e+03
4.2820463056e+00
1.0101245786e+03
2.4407845097e+00
-1.0810950052e+03
-2.6414076454e+00
4.9185475636e+02
1.1585396684e+00
-4.6887092813e+02
-1.1108964199e+00
-3.4996276985e+02
-8.3127086379e-01
-3.8556515776e+01
-9.4194714085e-02
3.6553904664e+02
8.9889841146e-01
3.6403060318e+01
8.5770970422e-02
1.4014828134e+01
3.0516539488e-02
-3.2468815344e-01
1.5625202235e-02
-1.6924614247e+01
-4.4236521393e-02
-3.3101924147e+01
-7.4159649844e-02
3.8310553457e-02
9.2610055366e-01
4.0269083228e-02
7.5007890490e-02
4.1782853772e-02
-5.7120341770e-01
4.0505906317e-02
-4.2924362648e-02
3.9865583328e-02
2.0145856576e-01
-7.2888857097e-04
-7.6327047089e-03
-2.2185598236e-03
6.2316821503e-01
-8.9884953562e-04
6.9749557967e-02
1.1072333010e-03
-7.6136341665e-01
-3.3286837321e-04
-1.6077993042e-01
-1.7845440284e-02
2.7246611521e-01
-1.6948636356e-02
-1.2824235042e-01
-1.7508501118e-02
9.5143559815e-02
-1.7528433280e-02
9.0872541633e-02
-1.5142410223e-02
-8.9871315644e-01
-1.8213185381e-01
-3.1635806523e-01
-1.8234161373e-01
-2.9965230325e-01
-1.8162401043e-01
-6.4223800195e-01
-1.8262573568e-01
-2.7243372621e-01
-1.8308047194e-01
-1.3145044084e-01
KVEC
17
5:7:8:9:10
BARREL
RPHI
FLOATPT
2.0000000000e+00 3.0000000000e+00
-inf inf
-1
1
8
-1.0214014606e+00
-1.1714771774e+00
2.2406449097e+00
1.2289306403e+00
3.9696882980e+00
-4.8673872075e+01
-8.2611416401e+01
-1.0546586734e+02
CMTX
17
5:6:8:9:10
BARREL
RPHI
FLOATPT
2.0000000000e+00 3.0000000000e+00
-inf inf
1
2
10
1.5507367847e+00
-3.6196109583e-03
-2.2423027894e+00
5.2203937628e-03
-3.1541228003e+00
7.4494672996e-03
-3.4172677995e-01
8.3315455406e-04
4.1873265152e+00
-1.0209226507e-02
-1.2801469541e+00
3.0137197127e-03
1.8809180574e+00
-4.4148372966e-03
1.7928297648e+00
-4.2398745515e-03
2.8118736904e-01
-6.8064208881e-04
-1.6747970037e+00
4.0713091540e-03
QVEC
17
5:6:8:9:10
BARREL
RPHI
FLOATPT
2.0000000000e+00 3.0000000000e+00
-inf inf
1
1
2
4.3647933593e-01
-7.9507826495e-03
AMTX
17
5:6:8:9:10
BARREL
RPHI
FLOATPT
2.0000000000e+00 3.0000000000e+00
-inf inf
1
8
10
6.8289596613e+01
-2.0090762549e-01
-3.5788366368e+02
8.4055460120e-01
1.7354961677e+03
-4.1629513773e+00
-2.4853121491e+03
6.0159524798e+00
1.0394461914e+03
-2.5583277810e+00
7.6101248391e+02
-1.8098813856e+00
-1.8272811510e+03
4.3562083389e+00
1.3046599481e+03
-3.1443689437e+00
7.7235463626e+02
-1.8788146713e+00
-1.0107427923e+03
2.4835890962e+00
-5.8631775203e+02
1.3797655917e+00
3.8168480221e+02
-8.9497819989e-01
4.9942600645e+02
-1.1807709741e+00
1.0885751850e+02
-2.6596581373e-01
-4.0364631200e+02
9.8232224791e-01
2.9297662870e+01
-7.1083938081e-02
2.0434963836e+01
-5.0693048294e-02
-2.3825071948e+00
2.1444319472e-03
-1.6626492972e+01
4.8587989108e-02
-3.0665104270e+01
4.2188774221e-02
6.8184467967e-02
-9.0140275305e-01
6.9232809178e-02
-4.4299601639e-01
7.1116262554e-02
3.7886792555e-01
6.9872981093e-02
-1.2781490148e-01
7.1009253988e-02
3.5872204295e-01
6.1100594364e-02
2.6548417519e-01
5.9373254812e-02
-4.4989668329e-01
5.8908365659e-02
-5.8272991169e-01
5.9644586254e-02
-2.3247789042e-01
6.1550750595e-02
5.8559270811e-01
5.8979616246e-02
-1.8733535559e-02
5.8889806721e-02
-6.4324323440e-02
5.8909463362e-02
-7.3278204484e-02
6.1325596589e-02
9.1637345260e-01
5.9664225397e-02
2.1938247206e-01
2.1449020633e-01
-4.0665001748e-01
2.1617421066e-01
2.6389213669e-01
2.1438087656e-01
-5.7570577965e-01
2.1583676571e-01
-3.1815472772e-02
2.1529089854e-01
-3.0889748411e-01
KVEC
17
5:6:8:9:10
BARREL
RPHI
FLOATPT
2.0000000000e+00 3.0000000000e+00
-inf inf
1
1
8
-3.3145822275e+00
1.4091732758e+00
1.7253547431e+00
-2.8549739279e+00
1.7461176084e+01
-6.7730964918e+00
9.7376971603e+01
-7.3903772311e+01
CMTX
17
5:6:8:9:10
BARREL
RPHI
FLOATPT
2.0000000000e+00 3.0000000000e+00
-inf inf
-1
2
10
1.5723761519e+00
3.7080856417e-03
-2.2743297508e+00
-5.5585202884e-03
-3.2117441561e+00
-7.6595576564e-03
-2.2448239514e-01
-5.6192833157e-04
4.1383927138e+00
1.0232212031e-02
-1.3094233090e+00
-3.0837823501e-03
1.9546648872e+00
4.6931636676e-03
1.7679668511e+00
4.2210460490e-03
2.0785862287e-01
5.1625195373e-04
-1.6211532451e+00
-4.0539445411e-03
QVEC
17
5:6:8:9:10
BARREL
RPHI
FLOATPT
2.0000000000e+00 3.0000000000e+00
-inf inf
-1
1
2
-4.3752763270e-01
1.2767758801e-02
AMTX
17
5:6:8:9:10
BARREL
RPHI
FLOATPT
2.0000000000e+00 3.0000000000e+00
-inf inf
-1
8
10
5.4742506116e+01
1.6664807474e-01
-3.1955676642e+02
-8.0679232041e-01
1.6885952415e+03
4.0227768519e+00
-2.4897004342e+03
-6.0171087083e+00
1.0659176332e+03
2.6283074672e+00
-7.7474868560e+02
-1.8109539924e+00
1.8717654805e+03
4.3811772402e+00
-1.3611956684e+03
-3.2585475646e+00
-7.4738853233e+02
-1.8027160109e+00
1.0115995245e+03
2.4011447669e+00
5.8481716556e+02
1.3764817976e+00
-3.8154457377e+02
-9.1325467283e-01
-5.0053165930e+02
-1.1940176174e+00
-1.0529850166e+02
-2.5666777788e-01
4.0255811714e+02
1.0054204420e+00
-2.9461594721e+01
-7.0345098051e-02
-2.0421176426e+01
-3.5700219358e-02
2.3492390392e+00
-9.8996736631e-03
1.6728102131e+01
4.4561616507e-02
3.0741810101e+01
6.8147991922e-02
-2.6807204147e-02
-8.7678798660e-01
-2.9619412956e-02
3.1344988980e-01
-3.0242993914e-02
5.7440176531e-01
-2.9036306324e-02
6.0191844091e-02
-2.8195401541e-02
-2.7266548287e-01
-4.5258103179e-02
-4.1348783053e-01
-4.4810272845e-02
-5.7399108404e-01
-4.6069057880e-02
-1.1964741347e-02
-4.5261399817e-02
-3.2232257101e-01
-4.7464563261e-02
5.9756823591e-01
6.0803039549e-02
-8.4290101944e-02
6.0489065236e-02
6.1251985566e-02
6.0671016032e-02
-1.1073894338e-02
5.8665020993e-02
8.2592228878e-01
5.9532098013e-02
4.6877392233e-01
-1.5627341840e-01
-3.4961289364e-01
-1.5697317002e-01
-9.3144132216e-02
-1.5575148716e-01
-6.8560366988e-01
-1.5798161362e-01
1.9061046822e-01
-1.5690705556e-01
-3.0234130442e-01
KVEC
17
5:6:8:9:10
BARREL
RPHI
FLOATPT
2.0000000000e+00 3.0000000000e+00
-inf inf
-1
1
8
8.5055744839e-01
-6.9796258504e+00
3.0963233821e+00
-8.4061216218e-01
6.2387351512e+00
4.9062323467e+00
1.2344888483e+02
-7.4644023036e+01
CMTX
17
5:6:7:9:10
BARREL
RPHI
FLOATPT
2.0000000000e+00 3.0000000000e+00
-inf inf
1
2
10
1.7085755218e+00
-4.0617823246e-03
-1.8979944585e+00
4.4278981445e-03
-2.6921768100e+00
6.4269249938e-03
-8.4502592835e-01
2.0470193741e-03
3.7264574039e+00
-9.1112974699e-03
-1.3397756217e+00
3.1920111807e-03
1.5065768339e+00
-3.5411770327e-03
1.7563291060e+00
-4.1824043533e-03
4.3576143645e-01
-1.0532228850e-03
-1.3588488369e+00
3.3169888616e-03
QVEC
17
5:6:7:9:10
BARREL
RPHI
FLOATPT
2.0000000000e+00 3.0000000000e+00
-inf inf
1
1
2
4.3136246197e-01
-5.9704622420e-03
AMTX
17
5:6:7:9:10
BARREL
RPHI
FLOATPT
2.0000000000e+00 3.0000000000e+00
-inf inf
1
8
10
9.0078340988e+01
-2.2560071657e-01
-8.9100352357e+02
2.0917530818e+00
1.7497930224e+03
-4.1673758927e+00
-2.1976013111e+03
5.3208817053e+00
1.2488102635e+03
-3.0503293395e+00
7.0865140215e+02
-1.6676415532e+00
-1.9823032406e+03
4.7151223223e+00
1.0530891625e+03
-2.5081261814e+00
1.1456055428e+03
-2.7807680742e+00
-9.2502127334e+02
2.2868153814e+00
-6.0108208623e+02
1.4249101282e+00
2.6285486351e+02
-6.1742394447e-01
5.1746591414e+02
-1.2318792508e+00
1.1411818309e+02
-2.7832305027e-01
-2.9333738747e+02
7.1797064191e-01
2.6177283933e+01
-6.4322602104e-02
1.7547510994e+01
-4.3374876293e-02
7.2750325451e+00
-1.0820101331e-02
-1.8618448527e+01
5.2944368049e-02
-3.2325927199e+01
4.6283893003e-02
-1.0921947490e-01
8.5022561461e-01
-1.1003901290e-01
4.9536139731e-01
-1.1135870780e-01
-7.5408320511e-02
-1.1067657833e-01
1.8354452140e-01
-1.1216264005e-01
-4.4568219717e-01
-8.7211726610e-02
2.6725024221e-01
-8.9077867836e-02
-4.9748571368e-01
-8.9534242352e-02
-6.5811491679e-01
-8.7316743835e-02
3.4238988198e-01
-8.7463439199e-02
3.1868142259e-01
5.7491265415e-02
-4.6682127180e-01
5.9130739949e-02
1.9474569909e-01
5.8176158521e-02
-2.4771584006e-01
6.0580294246e-02
6.5275000284e-01
5.8049802222e-02
-4.3624244960e-01
8.9487259052e-02
1.6200732414e-01
8.9499517773e-02
1.7548197679e-01
9.0056800549e-02
4.2366709886e-01
9.0310276629e-02
5.4944038783e-01
9.0285038493e-02
5.4701732424e-01
KVEC
17
5:6:7:9:10
BARREL
RPHI
FLOATPT
2.0000000000e+00 3.0000000000e+00
-inf inf
1
1
8
-1.1339492498e+00
3.8592146853e+00
1.1682769120e+00
-2.3115967814e+00
5.8759301023e-01
1.9163258926e+01
-5.1598399805e+00
1.3949934314e+02
CMTX
17
5:6:7:9:10
BARREL
RPHI
FLOATPT
2.0000000000e+00 3.0000000000e+00
-inf inf
-1
2
10
1.7273667857e+00
4.1006378287e-03
-1.9505813302e+00
-4.7981430504e-03
-2.6708287479e+00
-6.3455838081e-03
-8.0155464160e-01
-1.9545945055e-03
3.6957922241e+00
9.1441251795e-03
-1.3662535567e+00
-3.2315679958e-03
1.6188472002e+00
3.9013745969e-03
1.6616033069e+00
3.9539975278e-03
4.2111980346e-01
1.0296303146e-03
-1.3353935818e+00
-3.3455116470e-03
QVEC
17
5:6:7:9:10
BARREL
RPHI
FLOATPT
2.0000000000e+00 3.0000000000e+00
-inf inf
-1
1
2
-4.3457013962e-01
1.0531277097e-02
AMTX
17
5:6:7:9:10
BARREL
RPHI
FLOATPT
2.0000000000e+00 3.0000000000e+00
-inf inf
-1
8
10
-2.0148270788e+02
-4.9065322900e-01
1.2009956813e+03
2.8771936121e+00
-1.9035560259e+03
-4.5043915102e+00
2.0247966547e+03
4.8943999732e+00
-1.1207525334e+03
-2.7924842641e+00
-7.0883660658e+02
-1.6414636911e+00
1.9271709538e+03
4.5013556117e+00
-8.7790679960e+02
-2.0736139662e+00
-1.4337687123e+03
-3.4619946523e+00
1.0933688278e+03
2.6022972290e+00
5.9920546288e+02
1.4140570809e+00
-2.6199696455e+02
-6.3028382606e-01
-5.1708263454e+02
-1.2295409850e+00
-1.1041509343e+02
-2.6851610783e-01
2.9028761247e+02
7.2719374726e-01
-2.6280871359e+01
-6.5580184917e-02
-1.7488132865e+01
-2.7573951937e-02
-7.4069705277e+00
-1.4173341313e-02
1.8724234436e+01
4.9191016941e-02
3.2392858492e+01
7.1240590503e-02
6.4371000872e-02
9.5229964784e-01
6.7431876236e-02
-3.2008735165e-01
6.6644866039e-02
3.7659910350e-02
6.7142233612e-02
-1.0036961194e-01
6.6248305150e-02
2.8857466805e-01
-1.7577080794e-02
-1.3346253147e-01
-1.7037200898e-02
-3.4320505062e-01
-1.6315966763e-02
-6.4097429430e-01
-1.9148618967e-02
5.7236505838e-01
-1.8630823524e-02
3.6287121671e-01
4.6271627249e-02
3.6653983519e-01
4.5864943521e-02
5.1336096750e-01
4.7373306426e-02
-1.3352153452e-01
4.5613517441e-02
5.5698777394e-01
4.8104785370e-02
-4.8264908487e-01
1.0745559983e-01
-8.4364669692e-02
1.0639497834e-01
3.8021757252e-01
1.0626206869e-01
4.3085458687e-01
1.0656920211e-01
3.0866405327e-01
1.0580749279e-01
6.2881370789e-01
KVEC
17
5:6:7:9:10
BARREL
RPHI
FLOATPT
2.0000000000e+00 3.0000000000e+00
-inf inf
-1
1
8
-4.5638285132e+00
-6.4534534505e+00
2.3232203791e+00
2.6864004168e-01
3.4756031391e+01
4.2040497052e+01
1.7468602126e+01
1.2900441907e+02
CMTX
17
5:6:7:8:10
BARREL
RPHI
FLOATPT
2.0000000000e+00 3.0000000000e+00
-inf inf
1
2
10
1.4772748496e+00
-3.4597701922e-03
-1.4691146581e+00
3.3971895634e-03
-1.5803044679e+00
3.7723574388e-03
-2.2984936491e+00
5.4108772003e-03
3.8704996777e+00
-9.4484852648e-03
-1.2251406019e+00
2.8933938489e-03
1.2924587384e+00
-3.0267787805e-03
1.2054436973e+00
-2.8670044422e-03
1.1501523847e+00
-2.7086318963e-03
-1.4228838779e+00
3.4660642138e-03
QVEC
17
5:6:7:8:10
BARREL
RPHI
FLOATPT
2.0000000000e+00 3.0000000000e+00
-inf inf
1
1
2
4.3705485384e-01
-8.5344957071e-03
AMTX
17
5:6:7:8:10
BARREL
RPHI
FLOATPT
2.0000000000e+00 3.0000000000e+00
-inf inf
1
8
10
7.0201029769e+01
-1.3408941076e-01
-8.3460825911e+02
1.9615704365e+00
2.3020275780e+03
-5.4871452714e+00
-1.9426681223e+03
4.6393642394e+00
4.0510984653e+02
-9.6664469250e-01
7.8320338147e+02
-1.8669754110e+00
-2.0742174889e+03
4.9355150087e+00
4.9215553132e+02
-1.1700725569e+00
1.3811921791e+03
-3.3319831257e+00
-5.8230583143e+02
1.4356236514e+00
5.5667658093e+02
-1.3126914251e+00
-1.7336532050e+02
4.0334954174e-01
-3.9183126087e+02
9.3194163974e-01
-3.0445391611e+02
7.1669292357e-01
3.1295742928e+02
-7.6419062178e-01
-2.7491549169e+01
6.6654112653e-02
-1.7347879541e+01
4.3003158911e-02
-5.2766373094e+00
5.7420605716e-03
8.8098428062e+00
-1.7962780096e-02
4.1254959410e+01
-6.8337582135e-02
7.2598309445e-02
-9.1122378218e-01
7.3726851220e-02
-4.2090343200e-01
7.4829154698e-02
5.4056462260e-02
7.5607446485e-02
3.9374112717e-01
7.5461243834e-02
3.5046825603e-01
2.0346827407e-02
2.5390183550e-01
1.8380137360e-02
-5.5789425589e-01
1.8817151853e-02
-3.3676285648e-01
1.8400980805e-02
-4.7927671245e-01
2.0702121085e-02
5.6000267252e-01
-1.9275033184e-01
1.0197791538e-01
-1.9354953178e-01
-2.1796654980e-01
-1.9462735517e-01
-6.6019884597e-01
-1.9196469463e-01
4.7367936625e-01
-1.9374031759e-01
-2.2163607517e-01
-1.2127558560e-01
3.7075372532e-01
-1.2218186424e-01
2.4609157458e-02
-1.2139581293e-01
3.9443515630e-01
-1.2129584318e-01
4.7852462383e-01
-1.2142143393e-01
5.2413023918e-01
KVEC
17
5:6:7:8:10
BARREL
RPHI
FLOATPT
2.0000000000e+00 3.0000000000e+00
-inf inf
1
1
8
7.4124052898e-01
1.4853083515e+00
-2.1156295366e+00
3.1717477198e+00
3.2214330155e+01
-3.3217632088e+00
-3.1631108007e+01
1.1765740159e+02
CMTX
17
5:6:7:8:10
BARREL
RPHI
FLOATPT
2.0000000000e+00 3.0000000000e+00
-inf inf
-1
2
10
1.4752153958e+00
3.4841621461e-03
-1.4860810678e+00
-3.6936139845e-03
-1.4789070800e+00
-3.5030787119e-03
-2.4111191678e+00
-5.7391540501e-03
3.9011066676e+00
9.6221751522e-03
-1.2416542472e+00
-2.9269051121e-03
1.3871280337e+00
3.3498839201e-03
1.0725869409e+00
2.5494563522e-03
1.2078009904e+00
2.8769871777e-03
-1.4259487077e+00
-3.5550501587e-03
QVEC
17
5:6:7:8:10
BARREL
RPHI
FLOATPT
2.0000000000e+00 3.0000000000e+00
-inf inf
-1
1
2
-4.3684493012e-01
1.1816630296e-02
AMTX
17
5:6:7:8:10
BARREL
RPHI
FLOATPT
2.0000000000e+00 3.0000000000e+00
-inf inf
-1
8
10
2.2132052272e+02
5.0725512405e-01
-1.2399155958e+03
-2.9261961298e+00
2.3905284847e+03
5.6717015391e+00
-1.6713728179e+03
-4.0033361574e+00
2.9943896709e+02
7.7866523382e-01
-7.7421650536e+02
-1.8198114910e+00
1.9727614189e+03
4.6372427390e+00
-1.6128185037e+02
-3.6169579228e-01
-1.6813086848e+03
-4.0191182838e+00
6.4407837840e+02
1.4957764171e+00
5.5516264059e+02
1.3072808675e+00
-1.7315571737e+02
-4.1933919079e-01
-3.9135865451e+02
-9.2914346929e-01
-3.0200034607e+02
-7.1739261437e-01
3.1135355307e+02
7.7433599873e-01
2.7625757796e+01
6.5382945075e-02
1.7275464057e+01
2.8643076665e-02
5.4121379401e+00
9.0628781667e-03
-8.8376235996e+00
-5.6362107805e-03
-4.1420171947e+01
-9.4298477831e-02
2.8330164212e-02
8.7836508645e-01
3.1131008761e-02
-3.0815765779e-01
3.0413553811e-02
-7.9086055074e-03
3.1763129320e-02
-5.7538587201e-01
2.9700578566e-02
2.7474895132e-01
-5.4780034217e-02
-3.8594525257e-01
-5.4240612136e-02
-5.8549664300e-01
-5.4578690554e-02
-4.3238794317e-01
-5.5498902463e-02
-2.4992070550e-02
-5.6789857831e-02
5.4277122817e-01
9.0869839130e-02
-1.0815773215e-01
9.0361398276e-02
1.2805292545e-01
8.9122185868e-02
6.5347527165e-01
9.0512431642e-02
8.2479293809e-02
8.9239795849e-02
6.3135677147e-01
1.3795954692e-01
3.8791499449e-01
1.3910724252e-01
-6.2815291381e-02
1.3960194070e-01
-2.3280931827e-01
1.3741672740e-01
7.2588727813e-01
1.3908490658e-01
1.2649963732e-01
KVEC
17
5:6:7:8:10
BARREL
RPHI
FLOATPT
2.0000000000e+00 3.0000000000e+00
-inf inf
-1
1
8
4.6466215313e+00
-6.4728540650e+00
2.5297554285e+00
9.8371875634e-01
-9.1592379256e-01
4.9800899987e+00
1.0922317129e+02
5.8814007637e+01
CMTX
17
5:6:7:8:9
BARREL
RPHI
FLOATPT
2.0000000000e+00 3.0000000000e+00
-inf inf
1
2
10
2.0980121269e+00
-4.8970996180e-03
-2.5591558782e+00
6.0548180721e-03
-3.4830210092e+00
8.3048579188e-03
-1.7267321261e+00
4.0433841894e-03
5.6706456956e+00
-1.3734949651e-02
-1.4537644007e+00
3.4223568371e-03
1.6949222620e+00
-4.0089179436e-03
1.9061081252e+00
-4.5360997764e-03
9.3454736379e-01
-2.1929165563e-03
-2.0817408141e+00
5.0436614834e-03
QVEC
17
5:6:7:8:9
BARREL
RPHI
FLOATPT
2.0000000000e+00 3.0000000000e+00
-inf inf
1
1
2
4.3257428007e-01
-7.7661035182e-03
AMTX
17
5:6:7:8:9
BARREL
RPHI
FLOATPT
2.0000000000e+00 3.0000000000e+00
-inf inf
1
8
10
1.5164225104e+00
-4.7340279734e-02
4.6953925012e+02
-1.1042110254e+00
-1.9036250142e+03
4.5394841742e+00
2.3185621165e+03
-5.5451718065e+00
-8.8602789066e+02
2.1422048608e+00
-6.7271221998e+02
1.6053317727e+00
2.1165966239e+03
-5.0262145854e+00
-1.2064542944e+03
2.8714600374e+00
-1.0921399306e+03
2.6418409930e+00
8.5465348213e+02
-2.0620492288e+00
6.4918187643e+02
-1.5297077496e+00
-3.6019017521e+02
8.5291723676e-01
-5.1979128794e+02
1.2365016052e+00
-1.9249774955e+02
4.4744251384e-01
4.2327198869e+02
-1.0235949741e+00
-3.9928864528e+01
9.8306186730e-02
-2.3135856224e+01
6.1825590700e-02
-3.2873473125e+00
1.2996307589e-03
1.9787574564e+01
-4.4128264055e-02
4.6514085175e+01
-1.1979550236e-01
-6.3236177839e-02
9.5533125434e-01
-6.4763625724e-02
3.1416701972e-01
-6.5782250559e-02
-9.9206482726e-02
-6.6679441999e-02
-4.6355532353e-01
-6.5321873356e-02
1.2866675684e-01
-8.6678608596e-02
1.8474895386e-02
-8.7659668665e-02
-3.8933021486e-01
-8.8469497068e-02
-7.2431560356e-01
-8.6440064867e-02
1.3304952825e-01
-8.5539471788e-02
5.1415459050e-01
8.4271469441e-02
-4.8748920808e-02
8.3097138705e-02
-5.5886155705e-01
8.4030364663e-02
-1.7142968128e-01
8.2984130743e-02
-6.2104832178e-01
8.3459301018e-02
-4.3155293401e-01
-2.0310907246e-01
2.7836632418e-01
-2.0425620455e-01
-1.7753685931e-01
-2.0418508449e-01
-1.2112484186e-01
-2.0288953304e-01
4.5465616482e-01
-2.0554557656e-01
-6.0523060265e-01
KVEC
17
5:6:7:8:9
BARREL
RPHI
FLOATPT
2.0000000000e+00 3.0000000000e+00
-inf inf
1
1
8
7.2350747077e-01
1.3185682815e+00
-1.6477477818e+00
-6.5031909565e-01
7.1539243456e+00
3.9382011358e+00
-1.0964364673e+02
-2.9889996309e+01
CMTX
17
5:6:7:8:9
BARREL
RPHI
FLOATPT
2.0000000000e+00 3.0000000000e+00
-inf inf
-1
2
10
2.0956662369e+00
4.8629002059e-03
-2.5989289391e+00
-6.1549370845e-03
-3.3356372846e+00
-7.9035653484e-03
-1.8628318478e+00
-4.3845559053e-03
5.7018963957e+00
1.3758354593e-02
-1.4657696314e+00
-3.4229812161e-03
1.7867647819e+00
4.2296783682e-03
1.7570151775e+00
4.1707741335e-03
1.0065562464e+00
2.3776363241e-03
-2.0846330094e+00
-5.0241607159e-03
QVEC
17
5:6:7:8:9
BARREL
RPHI
FLOATPT
2.0000000000e+00 3.0000000000e+00
-inf inf
-1
1
2
-4.2857912089e-01
4.4475064715e-03
AMTX
17
5:6:7:8:9
BARREL
RPHI
FLOATPT
2.0000000000e+00 3.0000000000e+00
-inf inf
-1
8
10
1.8495167719e+02
4.1164110507e-01
-1.0430483716e+03
-2.4448138558e+00
2.1771574349e+03
5.1699394225e+00
-1.9573014671e+03
-4.6804561150e+00
6.3823905485e+02
1.5393638181e+00
6.6722168641e+02
1.5769538884e+00
-1.9942025755e+03
-4.7065680394e+00
7.4652546826e+02
1.7489401794e+00
1.6178539229e+03
3.8644932847e+00
-1.0374300637e+03
-2.5091891977e+00
6.4430361078e+02
1.5104514357e+00
-3.5360797746e+02
-8.3095928595e-01
-5.1992482469e+02
-1.2345638905e+00
-1.9173797324e+02
-4.5045377141e-01
4.2096136046e+02
1.0153427199e+00
4.0088396005e+01
9.4992815028e-02
2.2980811837e+01
4.0912078168e-02
3.5097615339e+00
4.8467289025e-03
-1.9793578578e+01
-3.1640095344e-02
-4.6734140486e+01
-1.1699214676e-01
2.4154560841e-02
9.1988277493e-01
2.6899451255e-02
-2.5593737091e-01
2.6214006043e-02
3.0078631095e-02
2.7632271393e-02
-5.7358828379e-01
2.6444327892e-02
-7.7742279568e-02
1.6075276089e-02
-7.5250515905e-04
1.5741196651e-02
1.4104296875e-01
1.4479544918e-02
6.7420163671e-01
1.5913273332e-02
7.2363085132e-02
1.7820794578e-02
-7.1924405176e-01
-1.0868236083e-01
-2.9232560783e-01
-1.0765401433e-01
-7.1952244286e-01
-1.0867771799e-01
-2.7708321422e-01
-1.0900654561e-01
-1.2943709971e-01
-1.0825793697e-01
-4.2561245772e-01
1.1604590560e-01
3.6966415539e-01
1.1758343546e-01
-2.4869097296e-01
1.1745752464e-01
-1.5386335154e-01
1.1543304010e-01
7.3689217448e-01
1.1757960332e-01
-1.0624493101e-01
KVEC
17
5:6:7:8:9
BARREL
RPHI
FLOATPT
2.0000000000e+00 3.0000000000e+00
-inf inf
-1
1
8
2.3521169252e-01
-2.3556164374e+00
1.1245558493e+00
-6.4711735881e-02
-3.2567646144e+01
-1.9601745258e+01
-9.3393386738e+01
3.3374854855e+01
