56
CMTX
23
5:6:7:8:9:10
BARREL
RPHI
FLOATPT
2.0000000000e+00 3.0000000000e+00
-inf inf
1
2
12
1.3592504574e+00
-3.1103134376e-03
-1.1458777822e+00
2.7972099199e-03
-1.6979939028e+00
4.0309562900e-03
-2.4936410589e+00
5.9100623840e-03
6.4689788002e-02
-1.4305081616e-04
3.9135795831e+00
-9.5831835725e-03
-1.2245774003e+00
2.8590409230e-03
1.2318763321e+00
-2.9396512246e-03
1.2640737945e+00
-3.0065491280e-03
1.1992386439e+00
-2.8354578718e-03
-5.5203466750e-02
1.2818109258e-04
-1.4154275329e+00
3.4726309698e-03
QVEC
23
5:6:7:8:9:10
BARREL
RPHI
FLOATPT
2.0000000000e+00 3.0000000000e+00
-inf inf
1
1
2
4.3049062052e-01
-7.3630388765e-03
AMTX
23
5:6:7:8:9:10
BARREL
RPHI
FLOATPT
2.0000000000e+00 3.0000000000e+00
-inf inf
1
10
12
-3.6223671710e+01
8.0064673429e-02
1.7345137084e+02
-3.7755300154e-01
-8.4853209990e+02
2.0476890732e+00
2.0540810413e+03
-4.9188159849e+00
-2.1664898470e+03
5.2445824666e+00
8.2373325293e+02
-2.0040928484e+00
-6.5711712160e+01
1.7062732018e-01
-5.5402485434e+02
1.3234511980e+00
2.0879502356e+03
-4.9653362727e+00
-1.1243120291e+03
2.6919772871e+00
-1.4908856407e+03
3.5860960032e+00
1.1470311590e+03
-2.8183175556e+00
8.1427001207e+02
-1.9581801558e+00
-2.1901414964e+03
5.1866873964e+00
6.6910350999e+02
-1.5993206857e+00
1.1070379241e+03
-2.6730443152e+00
3.2341309899e+02
-7.9692724508e-01
-7.2370492801e+02
1.7363427552e+00
5.5746232084e+02
-1.3075003064e+00
-1.7369975778e+02
4.1960975587e-01
-3.8813563547e+02
9.2065442273e-01
-2.9645588622e+02
6.9825142690e-01
-2.7466109881e+01
6.8611046693e-02
3.2828037474e+02
-8.0152839089e-01
2.6778413107e+01
-6.3140647779e-02
1.8175978444e+01
-5.2222958018e-02
8.0823578388e+00
-3.9159709259e-03
-3.9015529315e+00
1.5329060113e-04
-1.7761415869e+01
5.9767357371e-02
-3.1309254894e+01
8.0868074516e-02
-3.6283945316e-02
8.2526849895e-01
-3.7216549132e-02
4.2095550430e-01
-3.7653101130e-02
2.2309093665e-01
-3.9493872361e-02
-5.5329266894e-01
-3.8227500153e-02
-3.1586539614e-02
-3.7187199092e-02
3.9535821533e-01
6.0370624591e-02
3.9109767212e-01
5.8426592426e-02
-4.4062134576e-01
5.7956229036e-02
-6.4502673493e-01
5.8948554561e-02
-2.4111112324e-01
6.0421569188e-02
3.6451441003e-01
5.8947402642e-02
-2.5772360418e-01
-1.1600776118e-01
3.3858011324e-01
-1.1691758118e-01
-4.6330476512e-02
-1.1568579396e-01
4.6969249838e-01
-1.1609636962e-01
2.9412261054e-01
-1.1599743177e-01
3.3026343492e-01
-1.1814240378e-01
-5.5104962950e-01
-1.7081305228e-02
-1.9781289054e-01
-1.6133487740e-02
1.8931921289e-01
-1.6534940132e-02
-6.9448009681e-03
-1.6228600013e-02
1.0203006959e-01
-1.4460507035e-02
8.0394165254e-01
-1.5331932978e-02
4.1315103649e-01
-3.3108213022e-02
3.6391271554e-01
-3.3818596734e-02
9.2932439438e-02
-3.4851692122e-02
-3.1771648599e-01
-3.2503071162e-02
6.9565967704e-01
-3.4656384801e-02
-1.6204020275e-01
-3.3714430853e-02
2.6200095363e-01
KVEC
23
5:6:7:8:9:10
BARREL
RPHI
FLOATPT
2.0000000000e+00 3.0000000000e+00
-inf inf
1
1
10
3.7877195518e+00
-3.6208628357e+00
-6.1059201358e+00
-1.2620124991e+00
1.9934835949e+00
4.7051685426e+01
-5.1343863502e+01
1.9972904110e+01
1.2451976555e+02
5.7001345324e+01
CMTX
23
5:6:7:8:9:10
BARREL
RPHI
FLOATPT
2.0000000000e+00 3.0000000000e+00
-inf inf
-1
2
12
1.4025554241e+00
3.1534461254e-03
-1.3505225238e+00
-3.0555861085e-03
-1.4852061105e+00
-3.5121254739e-03
-2.4407609737e+00
-5.7513351077e-03
-1.1632146981e-01
-2.7582459975e-04
3.9901686881e+00
9.6841657416e-03
-1.2472652039e+00
-2.8710514621e-03
1.3759379099e+00
3.1957372921e-03
1.0627285188e+00
2.5115875805e-03
1.2485936666e+00
2.9462492201e-03
1.9169331022e-02
4.2676880188e-05
-1.4591426592e+00
-3.4987334862e-03
QVEC
23
5:6:7:8:9:10
BARREL
RPHI
FLOATPT
2.0000000000e+00 3.0000000000e+00
-inf inf
-1
1
2
-4.3251215488e-01
2.9742803825e-03
AMTX
23
5:6:7:8:9:10
BARREL
RPHI
FLOATPT
2.0000000000e+00 3.0000000000e+00
-inf inf
-1
10
12
-4.1601561649e+02
-9.5980376558e-01
1.6743332812e+03
3.9861336335e+00
-2.3529721961e+03
-5.6086006852e+00
1.5277171363e+03
3.6563714810e+00
-5.7300158913e+02
-1.3988214491e+00
1.3990505211e+02
4.0057136435e-01
-1.5137253838e+02
-3.4304012495e-01
8.1430777458e+02
1.8644525782e+00
-8.4250335434e+02
-1.9932469637e+00
-1.1827475489e+03
-2.8291855729e+00
2.5143107337e+03
6.0679946880e+00
-1.1520252821e+03
-2.8020866898e+00
-7.2163484038e+02
-1.7418751872e+00
1.6262976862e+03
3.8811642879e+00
4.3987585427e+02
1.0457212233e+00
-1.6701824227e+03
-3.9875939877e+00
-7.2638052429e+02
-1.7717816636e+00
1.0520623032e+03
2.6375121182e+00
-5.5663045710e+02
-1.2914704444e+00
1.7502594200e+02
3.9399375854e-01
3.8773247363e+02
9.1997414340e-01
2.9425559591e+02
6.8982688427e-01
2.7790720316e+01
6.8836257086e-02
-3.2815072378e+02
-7.8421423964e-01
2.6985580363e+01
6.3649064624e-02
1.8193017956e+01
3.8363415192e-02
8.1080379639e+00
1.4548180691e-02
-3.9009869725e+00
-1.0795317015e-03
-1.7817531189e+01
-7.0807706840e-02
-3.1497893479e+01
-6.1541406368e-02
3.8060679112e-02
9.2542490699e-01
4.0936998335e-02
-3.0800840617e-01
3.9856339813e-02
1.3457345231e-01
4.1444735816e-02
-5.4353238911e-01
3.9986418413e-02
5.9001729600e-02
4.0435442239e-02
-1.1860550601e-01
-6.3879633453e-02
1.4689278831e-01
-6.4967021876e-02
5.8661575833e-01
-6.2029569193e-02
-6.6485144649e-01
-6.2960736845e-02
-2.9630188463e-01
-6.4334044539e-02
2.5850099105e-01
-6.4337859516e-02
2.2544859749e-01
4.4987829859e-02
1.8650681967e-03
4.4715695466e-02
1.3640444545e-01
4.4559748428e-02
2.5458408948e-01
4.5790294708e-02
-2.0952919545e-01
4.6618354284e-02
-4.8972393833e-01
4.3715097979e-02
7.5723431028e-01
5.2563868414e-03
-8.4464482246e-02
5.2836715305e-03
-1.2598043094e-01
4.1830152597e-03
3.1147550092e-01
4.8520197693e-03
-4.3244674949e-04
2.8862568629e-03
7.7603265034e-01
3.6561246407e-03
4.1839174602e-01
1.2424398052e-01
4.5791230660e-01
1.2461016111e-01
3.2009017232e-01
1.2528496984e-01
5.9114721271e-02
1.2391731364e-01
6.5451145911e-01
1.2548589736e-01
3.1914416581e-02
1.2543330253e-01
7.8511281831e-02
KVEC
23
5:6:7:8:9:10
BARREL
RPHI
FLOATPT
2.0000000000e+00 3.0000000000e+00
-inf inf
-1
1
10
5.8217201058e+00
-1.2765874821e+00
8.4100598935e+00
-3.2219708528e-01
-9.2306926905e-01
-2.7903245985e+01
1.7736811779e+01
4.1569079738e+01
1.2303754376e+02
8.0448712987e+01
CMTX
23
6:7:8:9:10
BARREL
RPHI
FLOATPT
2.0000000000e+00 3.0000000000e+00
-inf inf
1
2
10
1.4167756945e+00
-3.2873117659e-03
-2.0079539307e+00
4.7774323252e-03
-3.5075798089e+00
8.3960359238e-03
-5.2188086779e-01
1.2867863309e-03
4.6207030898e+00
-1.1286058731e-02
-1.0778605221e+00
2.5391167739e-03
1.5425560339e+00
-3.6783663885e-03
2.1153088522e+00
-5.0712506889e-03
4.7386030213e-01
-1.1621452427e-03
-2.0539276490e+00
5.0062244016e-03
QVEC
23
6:7:8:9:10
BARREL
RPHI
FLOATPT
2.0000000000e+00 3.0000000000e+00
-inf inf
1
1
2
4.2600008635e-01
-1.9660756621e-03
AMTX
23
6:7:8:9:10
BARREL
RPHI
FLOATPT
2.0000000000e+00 3.0000000000e+00
-inf inf
1
8
10
-9.1808545864e+01
1.8363654919e-01
8.4227431066e+02
-2.0325919938e+00
-2.1025646121e+03
5.0370827695e+00
2.1398172745e+03
-5.1797679511e+00
-7.8773614835e+02
1.9167523951e+00
-7.1567407374e+02
1.7053092831e+00
2.1232344975e+03
-5.0499567952e+00
-1.0303492929e+03
2.4674943865e+00
-1.4747918484e+03
3.5460356257e+00
1.0976279566e+03
-2.7007958666e+00
-1.0731714490e+03
2.5365772062e+00
6.3983379358e+02
-1.5245473905e+00
8.7179364170e+02
-2.0950295197e+00
2.9040153677e+02
-7.1202755204e-01
-7.2886622810e+02
1.7646883865e+00
-3.6397381460e+01
9.5686345074e-02
-2.0831126934e+01
3.4727908149e-02
-2.2805817562e+00
1.4340128883e-02
1.9206603194e+01
-6.3150718481e-02
4.0229090497e+01
-1.0272759983e-01
-6.1272397382e-02
6.0471573353e-01
-6.1418553746e-02
5.3769124920e-01
-6.3525353171e-02
-3.3996065173e-01
-6.3218021962e-02
-2.1428751214e-01
-6.1372056234e-02
5.4995021796e-01
-1.8049030423e-01
1.0353928949e-02
-1.7922977436e-01
5.6519680131e-01
-1.7917923995e-01
6.1264623206e-01
-1.8103941206e-01
-1.3086092786e-01
-1.8163025126e-01
-3.3815845387e-01
-8.9227358646e-02
6.9680830943e-02
-8.9069763490e-02
1.1190951078e-01
-8.9201113561e-02
3.9922649110e-02
-8.7030068173e-02
9.1340238297e-01
-8.8830010317e-02
1.4444071550e-01
-1.0087381980e-02
-1.2807174094e-01
-8.9231082964e-03
3.4835292981e-01
-1.1205503143e-02
-6.2812230340e-01
-9.4493963478e-03
7.8676073919e-02
-1.0957527237e-02
-5.6311407243e-01
KVEC
23
6:7:8:9:10
BARREL
RPHI
FLOATPT
2.0000000000e+00 3.0000000000e+00
-inf inf
1
1
8
-3.7339139485e+00
-4.3592477116e+00
-1.7293743037e+00
-2.0070403095e+00
6.5708891731e+01
2.2990137514e+01
1.0737902271e+02
-8.3533916259e+01
CMTX
23
6:7:8:9:10
BARREL
RPHI
FLOATPT
2.0000000000e+00 3.0000000000e+00
-inf inf
-1
2
10
1.5030988725e+00
3.7027129879e-03
-2.2787075082e+00
-5.4044412154e-03
-3.2269570858e+00
-7.6625561521e-03
-6.0880873271e-01
-1.4856935008e-03
4.6113419696e+00
1.1311039596e-02
-1.1618425164e+00
-2.8195815344e-03
1.7639839690e+00
4.1846726583e-03
1.9527845575e+00
4.6463483914e-03
4.6009280938e-01
1.1273191908e-03
-2.0150341866e+00
-4.9563190685e-03
QVEC
23
6:7:8:9:10
BARREL
RPHI
FLOATPT
2.0000000000e+00 3.0000000000e+00
-inf inf
-1
1
2
-4.4476743573e-01
1.3404127188e-02
AMTX
23
6:7:8:9:10
BARREL
RPHI
FLOATPT
2.0000000000e+00 3.0000000000e+00
-inf inf
-1
8
10
2.6035932607e+02
6.6941040834e-01
-1.2205966105e+03
-2.9187449205e+00
2.2347688559e+03
5.3484891889e+00
-1.9197133537e+03
-4.6404836873e+00
6.4516590717e+02
1.5937456402e+00
8.3430673923e+02
1.9330812147e+00
-2.1112732035e+03
-5.0205668033e+00
6.3397056276e+02
1.5219732274e+00
1.8035185543e+03
4.3503600587e+00
-1.1605865538e+03
-2.8216014820e+00
-1.0600580962e+03
-2.5395739801e+00
5.6346220588e+02
1.3397106490e+00
9.3454792791e+02
2.2251110897e+00
3.2835447006e+02
8.0663216265e-01
-7.6630767527e+02
-1.9034538188e+00
-3.6580024632e+01
-8.1258265759e-02
-2.0989664349e+01
-4.5518909551e-02
-2.3512258019e+00
-1.3741744929e-02
1.9279292064e+01
7.4531110444e-02
4.0562291368e+01
8.2451894682e-02
-1.0951881573e-01
6.3644529228e-01
-1.0640055626e-01
-6.9407097439e-01
-1.0788002688e-01
-1.0086546280e-01
-1.0873125986e-01
2.2983183681e-01
-1.0879055788e-01
2.1224711851e-01
-1.1478900992e-01
-2.8489518723e-01
-1.1513868971e-01
-2.0406440056e-01
-1.1548264212e-01
-1.2727362211e-01
-1.1718821434e-01
4.9995271016e-01
-1.1441418553e-01
-7.0920817688e-01
8.3952101699e-02
2.1327829740e-01
8.4755181049e-02
-1.0910374609e-01
8.2474058073e-02
8.6485585312e-01
8.4724170605e-02
-5.1662756075e-02
8.5411187780e-02
-3.1446432253e-01
5.6992063575e-02
-1.9007758993e-02
5.6225113776e-02
2.8650265140e-01
5.6373808462e-02
2.0221935565e-01
5.4920480680e-02
7.7730613765e-01
5.5783803396e-02
3.9126016909e-01
KVEC
23
6:7:8:9:10
BARREL
RPHI
FLOATPT
2.0000000000e+00 3.0000000000e+00
-inf inf
-1
1
8
2.9669012742e+00
-1.3902480759e+00
-5.8295213560e+00
8.5909846326e-01
2.4180053785e+01
-6.1024166413e+01
2.2501760091e+01
1.3840862567e+02
CMTX
23
5:7:8:9:10
BARREL
RPHI
FLOATPT
2.0000000000e+00 3.0000000000e+00
-inf inf
1
2
10
9.4870566810e-01
-2.1355688706e-03
-2.2967035059e+00
5.4500926099e-03
-2.8076520639e+00
6.6791174172e-03
1.6415725677e-02
-1.4188250577e-05
4.1392490610e+00
-1.0126680685e-02
-7.8333978762e-01
1.8037501802e-03
1.9083570707e+00
-4.5417510341e-03
1.5329905265e+00
-3.6482526450e-03
3.2023652816e-03
-2.4176716802e-05
-1.6612371928e+00
4.0567206158e-03
QVEC
23
5:7:8:9:10
BARREL
RPHI
FLOATPT
2.0000000000e+00 3.0000000000e+00
-inf inf
1
1
2
4.3098498864e-01
-4.5568429706e-03
AMTX
23
5:7:8:9:10
BARREL
RPHI
FLOATPT
2.0000000000e+00 3.0000000000e+00
-inf inf
1
8
10
-1.6109049188e+01
4.8962148045e-02
7.0399333374e+02
-1.6993220033e+00
-2.0678299295e+03
4.9508483348e+00
2.2053541275e+03
-5.3376139701e+00
-8.2542967501e+02
2.0151391553e+00
-2.6577496080e+02
6.5028389394e-01
1.8828515209e+03
-4.4776179710e+00
-1.4203577219e+03
3.4071251387e+00
-1.4614007308e+03
3.5191894538e+00
1.2647326440e+03
-3.0989687510e+00
-4.9547161316e+02
1.1596823829e+00
4.7266189627e+02
-1.1213599423e+00
3.5240009722e+02
-8.3456222442e-01
3.8250460978e+01
-9.6247796678e-02
-3.6782673786e+02
8.9649276807e-01
-3.6363105388e+01
8.5156580274e-02
-1.3992884099e+01
1.7410116006e-02
3.2805278248e-01
9.4363980843e-03
1.6886801580e+01
-5.7207824172e-02
3.3071323268e+01
-8.5933641521e-02
-4.7375859489e-02
9.0128268189e-01
-4.9204321209e-02
9.6197726190e-02
-5.0821909732e-02
-5.9559331955e-01
-4.9306390937e-02
2.5009331243e-02
-4.8560881663e-02
3.1821751545e-01
1.8791089713e-01
5.9708218782e-02
1.8592463950e-01
-7.9964302406e-01
1.8742028656e-01
-1.8676513229e-01
1.8872579176e-01
3.4118483161e-01
1.8755287635e-01
-1.5923101800e-01
1.3714024690e-01
-2.9622915373e-01
1.3747591764e-01
-1.5722512003e-01
1.3712930736e-01
-3.0570931245e-01
1.3632145507e-01
-6.4192388863e-01
1.3903544556e-01
4.7071730241e-01
-3.2711269314e-02
-2.7667932830e-01
-3.1824603028e-02
5.7242264920e-02
-3.1928105867e-02
-6.1302789100e-03
-3.0429634152e-02
5.8504060914e-01
-3.0102814311e-02
6.8467824282e-01
KVEC
23
5:7:8:9:10
BARREL
RPHI
FLOATPT
2.0000000000e+00 3.0000000000e+00
-inf inf
1
1
8
-1.5317038924e+00
-2.5999993637e+00
1.1473232635e+00
-2.3325792299e+00
2.1262646238e+01
-3.8969528546e+01
-4.1886495285e+01
1.2173907433e+02
CMTX
23
5:7:8:9:10
BARREL
RPHI
FLOATPT
2.0000000000e+00 3.0000000000e+00
-inf inf
-1
2
10
9.4291434596e-01
2.0801281805e-03
-2.3343931897e+00
-5.5161080252e-03
-2.6852031495e+00
-6.3379571483e-03
-1.0439898405e-01
-2.6085173638e-04
4.1809936048e+00
1.0189224240e-02
-7.7899245607e-01
-1.7699054368e-03
1.9254734524e+00
4.5578640002e-03
1.4925380439e+00
3.5290278444e-03
2.4479851626e-02
6.8898377990e-05
-1.6634754920e+00
-4.0429544591e-03
QVEC
23
5:7:8:9:10
BARREL
RPHI
FLOATPT
2.0000000000e+00 3.0000000000e+00
-inf inf
-1
1
2
-4.3185516771e-01
5.3945581970e-03
AMTX
23
5:7:8:9:10
BARREL
RPHI
FLOATPT
2.0000000000e+00 3.0000000000e+00
-inf inf
-1
8
10
-5.0613861754e+00
-2.3325103128e-03
-5.7215624014e+02
-1.3683956421e+00
1.9881178039e+03
4.7538811045e+00
-2.3324834181e+03
-5.6358617023e+00
9.2158764363e+02
2.2599435314e+00
-2.6457971035e+02
-6.6686019867e-01
1.9068188544e+03
4.5414472192e+00
-1.5304820529e+03
-3.6578107483e+00
-1.3015622036e+03
-3.1471723701e+00
1.1898649057e+03
2.9190127716e+00
-4.9452922887e+02
-1.1458967774e+00
4.7147281346e+02
1.1167152667e+00
3.5218524069e+02
8.2868421991e-01
3.9837201284e+01
9.9607167433e-02
-3.6894252366e+02
-8.8879241687e-01
-3.6553391065e+01
-8.6043832100e-02
-1.4002816434e+01
-2.8326157741e-02
3.2255928233e-01
-7.8146813167e-03
1.6921236995e+01
6.8550532839e-02
3.3236821702e+01
6.6177688952e-02
-4.9775975783e-02
-9.4772837009e-01
-5.1910512606e-02
-1.6514063005e-02
-5.3301445135e-02
5.7952647836e-01
-5.1708387251e-02
-8.2191061855e-02
-5.2048478478e-02
5.8384599529e-02
-1.8726811396e-01
-8.8592145159e-02
-1.8613629001e-01
-6.5957948308e-01
-1.8750984946e-01
-1.4703592505e-01
-1.8929508615e-01
5.2146384514e-01
-1.8756225550e-01
-2.6225495312e-01
8.2714781786e-02
1.6027220274e-01
8.2660725427e-02
1.6919963024e-01
8.2074225403e-02
3.9956558831e-01
8.2772160999e-02
8.9564718623e-02
8.4963218554e-02
-8.2253996544e-01
-7.4704976182e-02
-3.3839455772e-02
-7.3833440610e-02
-3.5767046150e-01
-7.4195857796e-02
-1.8097386285e-01
-7.2657289857e-02
-7.8840649941e-01
-7.3784237038e-02
-2.9119608109e-01
KVEC
23
5:7:8:9:10
BARREL
RPHI
FLOATPT
2.0000000000e+00 3.0000000000e+00
-inf inf
-1
1
8
8.5441770502e-01
2.3527181146e+00
-1.9848344533e-01
7.8676407902e-01
1.6321230094e+01
-2.7038181110e+01
-4.1395200471e+01
-1.3216197861e+02
CMTX
23
5:6:8:9:10
BARREL
RPHI
FLOATPT
2.0000000000e+00 3.0000000000e+00
-inf inf
1
2
10
1.4255735917e+00
-3.2636124717e-03
-1.9536946317e+00
4.7098887554e-03
-3.4603626299e+00
8.2213756972e-03
-2.4986378516e-01
6.0032438743e-04
4.2383717103e+00
-1.0394589448e-02
-1.2739979158e+00
2.9734142262e-03
1.8333149992e+00
-4.3630079853e-03
1.9191367593e+00
-4.5567673387e-03
1.7851704892e-01
-4.2439325487e-04
-1.6570050433e+00
4.0763782939e-03
QVEC
23
5:6:8:9:10
BARREL
RPHI
FLOATPT
2.0000000000e+00 3.0000000000e+00
-inf inf
1
1
2
4.3392254934e-01
-1.0226592125e-02
AMTX
23
5:6:8:9:10
BARREL
RPHI
FLOATPT
2.0000000000e+00 3.0000000000e+00
-inf inf
1
8
10
3.0970104634e+01
-7.1682404935e-02
1.1984522417e+02
-3.1558475681e-01
-1.5409876530e+03
3.6904269351e+00
2.5468996352e+03
-6.1577730403e+00
-1.1567708812e+03
2.8263770264e+00
-7.8899043486e+02
1.9016557017e+00
1.9273580513e+03
-4.5641467291e+00
-1.5261274410e+03
3.6755662285e+00
-5.6962519758e+02
1.3861957776e+00
9.5741921533e+02
-2.3139726202e+00
-5.8912112238e+02
1.3817789354e+00
3.8602985916e+02
-9.2278919004e-01
4.9885936886e+02
-1.1817375857e+00
1.0762170396e+02
-2.5823460945e-01
-4.0337766720e+02
9.8941769734e-01
-2.9347519265e+01
6.9646671419e-02
-2.0445879941e+01
5.9348524195e-02
2.3670070433e+00
3.3089173130e-03
1.6682200263e+01
-5.7881768133e-02
3.0672665751e+01
-7.8775685011e-02
-2.5472048458e-02
8.5983088622e-01
-2.6621936206e-02
3.6770010865e-01
-2.8856246843e-02
-5.7656824966e-01
-2.7478409672e-02
9.3646378978e-04
-2.6558894605e-02
3.8412578691e-01
-6.7137202587e-02
4.2619443032e-01
-6.9178620566e-02
-4.4725478062e-01
-6.8067052151e-02
-5.3360726696e-03
-6.6809423797e-02
5.0281394067e-01
-6.9349726179e-02
-5.5903718805e-01
4.5541798082e-02
1.7968452695e-01
4.4599662502e-02
-2.0981670694e-01
4.4631081966e-02
-1.6039327171e-01
4.3071971576e-02
-7.8270925200e-01
4.3881244643e-02
-4.2462425153e-01
-1.6427504430e-01
3.4222989620e-01
-1.6451425151e-01
2.8049414565e-01
-1.6369384783e-01
7.0980012340e-01
-1.6595694458e-01
-1.7431313304e-01
-1.6574143585e-01
-2.6647396621e-02
KVEC
23
5:6:8:9:10
BARREL
RPHI
FLOATPT
2.0000000000e+00 3.0000000000e+00
-inf inf
1
1
8
-4.9969066468e-01
4.2418375038e+00
2.0829510306e+00
-1.1606108578e+00
3.4735476186e+01
-2.2113302820e+01
-1.2938517239e+02
4.8151617516e+01
CMTX
23
5:6:8:9:10
BARREL
RPHI
FLOATPT
2.0000000000e+00 3.0000000000e+00
-inf inf
-1
2
10
1.5316835763e+00
3.4415880570e-03
-2.2163982985e+00
-5.1008634385e-03
-3.1655863040e+00
-7.4867421225e-03
-3.6048055557e-01
-8.5765624840e-04
4.2107189907e+00
1.0197537934e-02
-1.3396564478e+00
-3.0771958617e-03
1.9955055603e+00
4.6590237112e-03
1.7672015367e+00
4.1879261389e-03
1.9393628182e-01
4.5910526165e-04
-1.6169824784e+00
-3.8661291389e-03
QVEC
23
5:6:8:9:10
BARREL
RPHI
FLOATPT
2.0000000000e+00 3.0000000000e+00
-inf inf
-1
1
2
-4.2937711588e-01
6.6467598908e-04
AMTX
23
5:6:8:9:10
BARREL
RPHI
FLOATPT
2.0000000000e+00 3.0000000000e+00
-inf inf
-1
8
10
1.2287484544e+01
3.5184068869e-02
1.7059753400e+02
3.3811244186e-01
-1.6070803220e+03
-3.8449940629e+00
2.5696891828e+03
6.2077653876e+00
-1.1455145718e+03
-2.8080987207e+00
7.9462308096e+02
1.9086697969e+00
-1.9302592597e+03
-4.5987036270e+00
1.4839939045e+03
3.5421839909e+00
6.2051669955e+02
1.5185781271e+00
-9.6890493365e+02
-2.4438199352e+00
5.8732997413e+02
1.3588656708e+00
-3.8293090539e+02
-8.8449966865e-01
-5.0129114225e+02
-1.1852754896e+00
-1.0966563992e+02
-2.6469632722e-01
4.0654061758e+02
9.6970160412e-01
2.9565487531e+01
6.9886830340e-02
2.0466801526e+01
4.3250955484e-02
-2.3620053437e+00
2.7563740956e-03
-1.6734844126e+01
-6.8408098026e-02
-3.0861933145e+01
-5.9941952828e-02
4.3581193993e-02
9.3897647970e-01
4.6374333089e-02
-2.5850771412e-01
4.7034748399e-02
-5.5580292748e-01
4.5515898019e-02
7.4611890581e-02
4.5998555827e-02
-1.1616731222e-01
9.1332040234e-03
4.3435954303e-02
8.0682735014e-03
4.9148488829e-01
1.0120477062e-02
-3.2558551168e-01
9.5938277818e-03
-7.6147168601e-02
7.5280347513e-03
7.8372960774e-01
-9.0828539491e-02
-7.0741470282e-02
-9.1472780478e-02
1.5460528073e-01
-9.1193675820e-02
-9.7723557926e-02
-9.3839674501e-02
9.1808059839e-01
-9.1722462080e-02
-3.9223086628e-02
-2.0897565526e-01
-3.9048231644e-01
-2.0914747209e-01
-3.3934703149e-01
-2.0864253751e-01
-6.0327479835e-01
-2.0983536520e-01
-1.4261890096e-01
-2.1020896172e-01
-1.8156040428e-02
KVEC
23
5:6:8:9:10
BARREL
RPHI
FLOATPT
2.0000000000e+00 3.0000000000e+00
-inf inf
-1
1
8
-3.9383435325e+00
-9.1842156126e+00
-2.3240306266e-01
-6.9832029910e-01
-3.1829406224e+01
7.3932313816e+01
7.4480297698e+01
-7.6227698196e+01
CMTX
23
5:6:7:9:10
BARREL
RPHI
FLOATPT
2.0000000000e+00 3.0000000000e+00
-inf inf
1
2
10
1.6275009852e+00
-3.7840051412e-03
-1.6540052992e+00
4.0152882801e-03
-2.8862556341e+00
6.8747480978e-03
-8.1961535273e-01
2.0013723734e-03
3.7323643123e+00
-9.1468710163e-03
-1.3534253967e+00
3.1840793231e-03
1.4759185147e+00
-3.5242115851e-03
1.8356783784e+00
-4.3743960234e-03
3.7017005741e-01
-9.0335926290e-04
-1.3283518427e+00
3.2636101380e-03
QVEC
23
5:6:7:9:10
BARREL
RPHI
FLOATPT
2.0000000000e+00 3.0000000000e+00
-inf inf
1
1
2
4.2501580352e-01
-4.3870416456e-03
AMTX
23
5:6:7:9:10
BARREL
RPHI
FLOATPT
2.0000000000e+00 3.0000000000e+00
-inf inf
1
8
10
-1.4820145991e+02
3.6401320998e-01
-1.7653394534e+02
4.4511122350e-01
1.2723911129e+03
-3.0096621790e+00
-2.4192207495e+03
5.8381468755e+00
1.4716176620e+03
-3.6014492219e+00
7.1592793555e+02
-1.7202706921e+00
-2.1850798593e+03
5.1658600622e+00
1.4998136263e+03
-3.5840241331e+00
5.5074135752e+02
-1.3526123074e+00
-5.8141691174e+02
1.3826462834e+00
-6.0400468510e+02
1.4235571686e+00
2.6476625522e+02
-6.3650323262e-01
5.1920603618e+02
-1.2341293961e+00
1.1272380508e+02
-2.7534045471e-01
-2.9267335942e+02
7.1618632665e-01
-2.6191193976e+01
6.3676249205e-02
-1.7528006796e+01
5.1301832874e-02
-7.3597145791e+00
2.2639424915e-03
1.8681869408e+01
-6.2028762594e-02
3.2334598243e+01
-8.2528740081e-02
1.1705179582e-01
-7.5762929246e-01
1.1766786780e-01
-5.0966481579e-01
1.1795253994e-01
-3.9249082811e-01
1.1912290867e-01
6.4730979480e-02
1.1802835669e-01
-4.0909234470e-01
3.0852279168e-02
6.4865417693e-01
2.8602962259e-02
-3.0401906679e-01
2.8038075235e-02
-5.4531723834e-01
3.0338920085e-02
4.1038700539e-01
2.8888710151e-02
-1.9210074041e-01
-1.6323222655e-01
9.9178368121e-02
-1.6396066048e-01
-2.1194830583e-01
-1.6218403423e-01
5.3766860210e-01
-1.6308198119e-01
1.5653421681e-01
-1.6503688171e-01
-6.4643253534e-01
4.8891373350e-02
2.7011464161e-01
4.7910885667e-02
-1.2668730373e-01
4.7841836341e-02
-1.2629870169e-01
4.5979751645e-02
-8.3924379849e-01
4.7237027737e-02
-2.8545311260e-01
KVEC
23
5:6:7:9:10
BARREL
RPHI
FLOATPT
2.0000000000e+00 3.0000000000e+00
-inf inf
1
1
8
-6.3953098632e-01
-6.7727643675e+00
4.7632841727e-01
-2.4690145465e+00
-9.3658972651e+01
-7.9322347072e+00
-3.3644407923e+01
-1.0981857564e+02
CMTX
23
5:6:7:9:10
BARREL
RPHI
FLOATPT
2.0000000000e+00 3.0000000000e+00
-inf inf
-1
2
10
1.6182898255e+00
3.7120769459e-03
-1.7466444786e+00
-3.9770736234e-03
-2.6728009398e+00
-6.3483921836e-03
-1.0856951572e+00
-2.6117044069e-03
3.8867291519e+00
9.4210526561e-03
-1.3576389654e+00
-3.1560081342e-03
1.5785297833e+00
3.6668893145e-03
1.6703114018e+00
3.9626325630e-03
5.1511565685e-01
1.2377885938e-03
-1.4062789922e+00
-3.3641894931e-03
QVEC
23
5:6:7:9:10
BARREL
RPHI
FLOATPT
2.0000000000e+00 3.0000000000e+00
-inf inf
-1
1
2
-4.2603973868e-01
-8.1991630483e-05
AMTX
23
5:6:7:9:10
BARREL
RPHI
FLOATPT
2.0000000000e+00 3.0000000000e+00
-inf inf
-1
8
10
4.6809613742e+02
1.0833252141e+00
-1.9053015102e+03
-4.4833346414e+00
2.1664014109e+03
5.1533304152e+00
-1.3523766995e+03
-3.2509198584e+00
6.2322187206e+02
1.4663422179e+00
-6.2692985533e+02
-1.5055213428e+00
1.5058854523e+03
3.6302982572e+00
-2.4793913516e+02
-6.0065340143e-01
-2.0717822245e+03
-5.0207570260e+00
1.4407940638e+03
3.5885845091e+00
-6.0223650686e+02
-1.4060889946e+00
2.6601041618e+02
6.0857728537e-01
5.1717667445e+02
1.2290561796e+00
1.1081372033e+02
2.6829631487e-01
-2.9173550612e+02
-6.9223136979e-01
-2.6398051995e+01
-6.3977388726e-02
-1.7544167062e+01
-3.6553857163e-02
-7.3851106335e+00
-1.2723590997e-02
1.8736936521e+01
7.2915081554e-02
3.2522162456e+01
6.3906454793e-02
-1.1879266153e-01
-8.6441915144e-01
-1.2191520659e-01
4.5165318398e-01
-1.2009603902e-01
-3.2013112329e-01
-1.2088391400e-01
-1.4401427328e-02
-1.2155283799e-01
2.2877930593e-01
5.5882901161e-02
-4.6866917329e-01
5.5798545947e-02
-4.1131148069e-01
5.3334760751e-02
6.5187439202e-01
5.6043051503e-02
-4.1689600057e-01
5.4946399348e-02
7.2668164349e-02
1.1848780526e-01
2.7648936480e-01
1.1838584587e-01
3.4229763306e-01
1.1917912839e-01
6.5216071876e-02
1.2044979689e-01
-3.3669185281e-01
1.1793842365e-01
7.5246923015e-01
-8.1366708482e-03
8.9632510839e-02
-8.1468248750e-03
1.2389226323e-01
-7.0547552698e-03
-3.0946981910e-01
-5.7356989287e-03
-7.8255624736e-01
-6.5480410136e-03
-4.0700122350e-01
KVEC
23
5:6:7:9:10
BARREL
RPHI
FLOATPT
2.0000000000e+00 3.0000000000e+00
-inf inf
-1
1
8
-3.8127470900e+00
8.9916143276e+00
8.9310043907e-01
1.4411200486e+00
3.8911479913e+00
-2.1570177693e+01
7.2759200949e+01
-1.2226718421e+02
CMTX
23
5:6:7:8:10
BARREL
RPHI
FLOATPT
2.0000000000e+00 3.0000000000e+00
-inf inf
1
2
10
1.3554893843e+00
-3.1014218891e-03
-1.1441819400e+00
2.7943907129e-03
-1.6875677951e+00
4.0073729805e-03
-2.4717451936e+00
5.8576490072e-03
3.9480142496e+00
-9.6670713123e-03
-1.2213011597e+00
2.8512033997e-03
1.2301343123e+00
-2.9363738903e-03
1.2555330351e+00
-2.9870005850e-03
1.1804227851e+00
-2.7904340893e-03
-1.4448097522e+00
3.5443007824e-03
QVEC
23
5:6:7:8:10
BARREL
RPHI
FLOATPT
2.0000000000e+00 3.0000000000e+00
-inf inf
1
1
2
4.3156489457e-01
-7.7653209795e-03
AMTX
23
5:6:7:8:10
BARREL
RPHI
FLOATPT
2.0000000000e+00 3.0000000000e+00
-inf inf
1
8
10
-5.4792848346e+01
1.4642470264e-01
-4.9546565947e+02
1.1632991518e+00
2.1801968462e+03
-5.2022830304e+00
-2.1226858720e+03
5.0834289493e+00
4.9277474439e+02
-1.2212536219e+00
-7.9851262454e+02
1.9195150240e+00
2.2082626001e+03
-5.2330210433e+00
-7.8153925064e+02
1.8648134772e+00
-1.1714314467e+03
2.8270569891e+00
5.4323702746e+02
-1.2946988342e+00
-5.5951157515e+02
1.3124815947e+00
1.7530514529e+02
-4.2312481297e-01
3.9297657555e+02
-9.3202771497e-01
3.0444026885e+02
-7.1732416786e-01
-3.1319534256e+02
7.6465628566e-01
-2.7518501950e+01
6.4975815914e-02
-1.7327203253e+01
4.9936063398e-02
-5.3660477969e+00
-3.5603363308e-03
8.8350768987e+00
-1.2052739954e-02
4.1317312764e+01
-1.0563794650e-01
5.4193116969e-02
-8.2792023477e-01
5.5138346978e-02
-4.1789432921e-01
5.5553640197e-02
-2.2824417805e-01
5.7391681453e-02
5.4730170112e-01
5.5102037105e-02
-3.9312443685e-01
-1.3924400458e-01
-3.4344874238e-01
-1.3746710078e-01
4.1360974718e-01
-1.3676471623e-01
7.0759021553e-01
-1.3771173814e-01
3.1709343631e-01
-1.3795597865e-01
2.1702214544e-01
1.6013185075e-01
-4.4458537927e-01
1.6180543099e-01
2.5258305975e-01
1.6053588203e-01
-2.9685676659e-01
1.6072104749e-01
-2.3097306001e-01
1.6290793077e-01
6.3234627700e-01
9.2079888605e-02
-3.0131750948e-01
9.3084711537e-02
9.6868270932e-02
9.3627666350e-02
3.0677732897e-01
9.1461184100e-02
-6.2624048925e-01
9.2008906770e-02
-4.5312238383e-01
KVEC
23
5:6:7:8:10
BARREL
RPHI
FLOATPT
2.0000000000e+00 3.0000000000e+00
-inf inf
1
1
8
-3.4109623450e+00
4.7177522121e+00
1.4682363697e+00
-6.1306090787e-01
-5.0245642339e+01
8.7806434995e+01
3.5928178827e+01
-7.9655163753e+01
CMTX
23
5:6:7:8:10
BARREL
RPHI
FLOATPT
2.0000000000e+00 3.0000000000e+00
-inf inf
-1
2
10
1.4083872430e+00
3.1678978048e-03
-1.3516329020e+00
-3.0614197960e-03
-1.5028793306e+00
-3.5534557099e-03
-2.4834317640e+00
-5.8534685262e-03
3.9294688426e+00
9.5351276152e-03
-1.2481742761e+00
-2.8732298139e-03
1.3759485804e+00
3.1963137490e-03
1.0657412545e+00
2.5185567626e-03
1.2556741831e+00
2.9631686074e-03
-1.4491682429e+00
-3.4742872151e-03
QVEC
23
5:6:7:8:10
BARREL
RPHI
FLOATPT
2.0000000000e+00 3.0000000000e+00
-inf inf
-1
1
2
-4.3185539738e-01
2.6283506442e-03
AMTX
23
5:6:7:8:10
BARREL
RPHI
FLOATPT
2.0000000000e+00 3.0000000000e+00
-inf inf
-1
8
10
4.2870162250e+02
9.8617920665e-01
-1.7879867260e+03
-4.2405164402e+00
2.4857912552e+03
5.9223303698e+00
-1.2564684384e+03
-3.0072210265e+00
1.3000374379e+02
2.5873522131e-01
7.1524335717e+02
1.7220644545e+00
-1.7056430490e+03
-4.0500300295e+00
-3.0572125300e+02
-7.2955246296e-01
1.9941478440e+03
4.7630640689e+00
-6.9805561992e+02
-1.7704763834e+00
-5.5874408827e+02
-1.2967439267e+00
1.7675966204e+02
3.9885355739e-01
3.9264526197e+02
9.3158730679e-01
3.0225859001e+02
7.0901332551e-01
-3.1289541271e+02
-7.4668237891e-01
-2.7720588226e+01
-6.6060298922e-02
-1.7315163967e+01
-3.6036323267e-02
-5.3768896898e+00
-7.0285069354e-03
8.8392359417e+00
1.3332888066e-02
4.1511080139e+01
8.6567582993e-02
6.1278198802e-02
9.2420655479e-01
6.4175775949e-02
-3.1364614715e-01
6.3049735296e-02
1.5400918757e-01
6.4675724074e-02
-5.3279201209e-01
6.3719362868e-02
-1.1451716156e-01
-9.9039564703e-02
1.6125612809e-01
-1.0003916995e-01
5.7204446313e-01
-9.7114169799e-02
-6.6149660277e-01
-9.7851252715e-02
-3.6139839863e-01
-9.9379942549e-02
2.5336767431e-01
9.8923126293e-02
-1.2777646797e-02
9.8655381005e-02
1.0521568274e-01
9.8058690230e-02
3.9117939898e-01
9.9295842929e-02
-9.4820577462e-02
9.7167286047e-02
8.4829511240e-01
-2.0277529127e-01
-4.0046708403e-01
-2.0283192808e-01
-3.9952474532e-01
-2.0396634440e-01
5.3214941670e-02
-2.0252139056e-01
-5.8047338174e-01
-2.0425056497e-01
7.2012835606e-02
KVEC
23
5:6:7:8:10
BARREL
RPHI
FLOATPT
2.0000000000e+00 3.0000000000e+00
-inf inf
-1
1
8
-6.5934805798e+00
-8.9704533634e+00
-4.1061504309e-01
-1.3907920426e+00
-3.1232188983e+01
-6.5436579480e+00
1.0790030792e+02
-5.2052318637e+01
CMTX
23
5:6:7:8:9
BARREL
RPHI
FLOATPT
2.0000000000e+00 3.0000000000e+00
-inf inf
1
2
10
2.1216587363e+00
-4.9693923632e-03
-2.6845495960e+00
6.3809074587e-03
-3.3159380420e+00
7.8366555262e-03
-1.7545981313e+00
4.1187335171e-03
5.6333128038e+00
-1.3600044280e-02
-1.5001592991e+00
3.5304595741e-03
1.7878364274e+00
-4.2352846307e-03
1.8497087191e+00
-4.3843342274e-03
9.3193384643e-01
-2.1869208894e-03
-2.0692951418e+00
4.9954806175e-03
QVEC
23
5:6:7:8:9
BARREL
RPHI
FLOATPT
2.0000000000e+00 3.0000000000e+00
-inf inf
1
1
2
4.3059526660e-01
-6.6802787441e-03
AMTX
23
5:6:7:8:9
BARREL
RPHI
FLOATPT
2.0000000000e+00 3.0000000000e+00
-inf inf
1
8
10
7.3156425759e+01
-1.9006584868e-01
2.4902021666e+02
-5.6970773747e-01
-1.7745310430e+03
4.2437410944e+00
2.4282128428e+03
-5.8151984653e+00
-9.7586838762e+02
2.3737233782e+00
-6.7162264963e+02
1.6088287605e+00
2.1358624694e+03
-5.0728632985e+00
-1.3426472313e+03
3.1932967415e+00
-8.7658601066e+02
2.1217006649e+00
7.5498984091e+02
-1.8048502112e+00
6.4935173953e+02
-1.5302560915e+00
-3.5512412516e+02
8.4485396050e-01
-5.2360118651e+02
1.2386981023e+00
-1.9517912350e+02
4.5364645438e-01
4.2452575845e+02
-1.0244695879e+00
-3.9933800842e+01
9.3524210177e-02
-2.3082188126e+01
6.3748248384e-02
-3.4467290595e+00
-7.8071117034e-03
1.9787489156e+01
-3.8624373241e-02
4.6620064095e+01
-1.2974883513e-01
5.4189505426e-02
-9.0087998098e-01
5.5455542035e-02
-3.5551167488e-01
5.5782617552e-02
-2.1101593645e-01
5.7597298305e-02
5.5219685597e-01
5.6283368585e-02
5.7515624361e-03
-1.3601405728e-01
-2.2300474884e-01
-1.3454404409e-01
4.0958786880e-01
-1.3376620258e-01
7.4761920418e-01
-1.3497234350e-01
2.5728937393e-01
-1.3639634581e-01
-3.2297260162e-01
-1.5971428830e-01
1.4964155951e-01
-1.6029815658e-01
-1.0197622685e-01
-1.5957235131e-01
1.8708571979e-01
-1.5922344351e-01
3.2234564693e-01
-1.5805216012e-01
7.9062563823e-01
-1.3193049462e-01
4.0398593743e-01
-1.3419223783e-01
-5.2856857446e-01
-1.3305546490e-01
-2.6012480129e-02
-1.3213797456e-01
3.8062056296e-01
-1.3416886229e-01
-4.2781107120e-01
KVEC
23
5:6:7:8:9
BARREL
RPHI
FLOATPT
2.0000000000e+00 3.0000000000e+00
-inf inf
1
1
8
3.2096569529e+00
2.6218948041e+00
-1.6409400944e+00
-1.5701892405e+00
-5.6455713333e+00
3.6381312880e+01
1.0149070163e+02
-2.2526160265e+01
CMTX
23
5:6:7:8:9
BARREL
RPHI
FLOATPT
2.0000000000e+00 3.0000000000e+00
-inf inf
-1
2
10
2.1085522704e+00
4.9088230869e-03
-2.7953645091e+00
-6.6463068783e-03
-3.0285589663e+00
-7.1609024670e-03
-2.0132365670e+00
-4.7511330471e-03
5.7284307245e+00
1.3861145932e-02
-1.5020733699e+00
-3.5032872358e-03
1.8951786618e+00
4.4845292999e-03
1.6332542723e+00
3.8602489296e-03
1.0934318176e+00
2.5840865295e-03
-2.1197381372e+00
-5.1301287433e-03
QVEC
23
5:6:7:8:9
BARREL
RPHI
FLOATPT
2.0000000000e+00 3.0000000000e+00
-inf inf
-1
1
2
-4.3152468315e-01
7.1623154610e-03
AMTX
23
5:6:7:8:9
BARREL
RPHI
FLOATPT
2.0000000000e+00 3.0000000000e+00
-inf inf
-1
8
10
4.0343634350e+02
9.2527278381e-01
-1.6829561139e+03
-3.9959692674e+00
2.4281218164e+03
5.7866625764e+00
-1.4672320527e+03
-3.5124763265e+00
3.1866943783e+02
7.8350780778e-01
-5.9542831368e+02
-1.4234673620e+00
1.6695190782e+03
3.9287696105e+00
-1.6568370548e+02
-3.8704756314e-01
-2.0951458015e+03
-5.0047351328e+00
1.1867449597e+03
2.8517312203e+00
-6.4772799359e+02
-1.5136826641e+00
3.5760550871e+02
8.3828284660e-01
5.2464438924e+02
1.2436801179e+00
1.8815420154e+02
4.3837661532e-01
-4.2264274928e+02
-1.0220608446e+00
4.0308605872e+01
9.3956202360e-02
2.3068634041e+01
5.0525359922e-02
3.4253326554e+00
2.7654007080e-03
-1.9885417962e+01
-3.8703930383e-02
-4.6857433969e+01
-1.4074510774e-01
6.0607290232e-02
9.2747557413e-01
6.3447447686e-02
-2.8964877257e-01
6.2401335458e-02
1.4558805187e-01
6.4045898218e-02
-5.4938057925e-01
6.2615329999e-02
4.9641399047e-02
1.2529672721e-01
-1.2729729877e-01
1.2627825945e-01
-5.1714796736e-01
1.2344262401e-01
7.0664124747e-01
1.2452953793e-01
2.8822237475e-01
1.2605458142e-01
-3.1099756857e-01
3.6192048823e-02
7.4840857791e-02
3.5792992080e-02
2.7855484764e-01
3.6932605717e-02
-1.5552037423e-01
3.6969770683e-02
-1.2058578005e-01
3.8963676926e-02
-8.8458789718e-01
2.0628159924e-01
3.9005527726e-01
2.0630566284e-01
3.9689178318e-01
2.0730260366e-01
-3.4375586242e-03
2.0596831622e-01
5.7720494248e-01
2.0712737126e-01
1.2307587028e-01
KVEC
23
5:6:7:8:9
BARREL
RPHI
FLOATPT
2.0000000000e+00 3.0000000000e+00
-inf inf
-1
1
8
7.3467255564e-01
-7.5646016706e-01
-1.6984578953e+00
-2.4920046888e+00
-1.5127817162e+01
6.2727449371e+00
-8.2837961172e+01
7.2665195722e+01
