CMTX
21
5:6:7:8:9:10
BARREL
RPHI
FLOATPT
2.0000000000e+00 3.0000000000e+00
-inf inf
1
2
12
1.4036493554e+00
-3.3233842894e-03
-1.2962565227e+00
2.9686674355e-03
-1.6706383041e+00
3.9682371936e-03
-2.3299195555e+00
5.4945606127e-03
1.8424026401e-02
-4.0895698979e-05
3.8748201923e+00
-9.4508907517e-03
-1.1906039873e+00
2.8204158435e-03
1.2493480859e+00
-2.9171242474e-03
1.1603477092e+00
-2.7633584812e-03
1.1944503184e+00
-2.8176203198e-03
4.5973788295e-02
-1.0842325028e-04
-1.4596073273e+00
3.5525871580e-03
QVEC
21
5:6:7:8:9:10
BARREL
RPHI
FLOATPT
2.0000000000e+00 3.0000000000e+00
-inf inf
1
1
2
4.3775309016e-01
-8.6672714643e-03
AMTX
21
5:6:7:8:9:10
BARREL
RPHI
FLOATPT
2.0000000000e+00 3.0000000000e+00
-inf inf
1
10
12
-3.8924128834e+02
9.1636478317e-01
1.6992091801e+03
-4.0096635648e+00
-2.4919323340e+03
5.9344152799e+00
1.3360368213e+03
-3.1805889324e+00
8.6394535404e+00
-1.3318466201e-02
-1.6266897494e+02
3.5983787253e-01
1.7181011637e+02
-4.3308718896e-01
-6.9540474654e+02
1.6324903385e+00
3.1257327802e+02
-7.3898183315e-01
1.6569341811e+03
-3.9764463823e+00
-2.4604504463e+03
5.9478946895e+00
1.0145960152e+03
-2.4927344115e+00
-7.2028155471e+02
1.7053463154e+00
1.6196383849e+03
-3.8865423378e+00
3.6456704535e+02
-8.6116363278e-01
-1.4443316598e+03
3.4822251613e+00
-9.6291240909e+02
2.3498642900e+00
1.1433767693e+03
-2.8058535213e+00
5.5403620935e+02
-1.3139133085e+00
-1.7412457104e+02
4.0684208273e-01
-3.8451003916e+02
9.1529616723e-01
-2.9461037237e+02
6.9408593834e-01
-2.5460633078e+01
5.9232302352e-02
3.2467772660e+02
-7.9346522383e-01
-2.6739329760e+01
6.2616184699e-02
-1.8127271576e+01
5.5236297597e-02
-8.0787094181e+00
2.2246854016e-02
3.8875162948e+00
5.3670250808e-04
1.7737372503e+01
-2.9162290236e-02
3.1257798881e+01
-5.7605461357e-02
6.6006275379e-04
-8.7111683934e-01
1.7908906451e-03
-3.7798905287e-01
2.7129612485e-03
2.3936771878e-02
3.8685594258e-03
5.1983295325e-01
2.7479438082e-03
6.6679448321e-02
3.2741096422e-03
3.0436851142e-01
1.9410387723e-02
3.1159286449e-01
1.7237014849e-02
-6.1445197098e-01
2.0316375253e-02
6.7372592811e-01
1.8552298106e-02
-8.3576214638e-02
1.8330117497e-02
-1.8554334086e-01
1.9429019336e-02
2.5818667588e-01
-4.2248621870e-02
1.6793967167e-01
-4.3015614798e-02
-1.3011417662e-01
-4.3372808881e-02
-2.4499405227e-01
-4.3389868618e-02
-2.1825999214e-01
-4.1333571048e-02
6.8063136126e-01
-4.1699724380e-02
5.6409541180e-01
1.9680343137e-02
-8.0036955724e-02
2.0239103311e-02
1.4680310951e-01
1.9255492960e-02
-2.6142928928e-01
1.9209739162e-02
-2.8051713026e-01
1.8391443781e-02
-6.1509690777e-01
2.1323059435e-02
5.8667839582e-01
-2.8728211691e-02
4.7701252270e-01
-3.0037912801e-02
-5.8158747480e-02
-3.0592192869e-02
-2.7783553410e-01
-2.8285231655e-02
7.0066890196e-01
-3.0351856049e-02
-1.3977017042e-01
-2.9681354645e-02
1.5026367507e-01
KVEC
21
5:6:7:8:9:10
BARREL
RPHI
FLOATPT
2.0000000000e+00 3.0000000000e+00
-inf inf
1
1
10
-1.3289606340e+00
-3.4518193851e+00
-9.3808865381e-01
-2.3909011431e+00
4.3819085583e+00
4.2125287360e+01
2.4803035316e+01
9.3440702277e+01
-2.0475542790e+01
4.6795945762e+01
CMTX
21
5:6:7:8:9:10
BARREL
RPHI
FLOATPT
2.0000000000e+00 3.0000000000e+00
-inf inf
-1
2
12
3.1756260701e+00
7.6039618215e-03
-6.9526837318e+00
-1.6457672079e-02
-4.7292379365e+00
-1.1196725984e-02
8.5074283813e+00
2.0381080966e-02
-1.0771486815e-03
-3.4489636776e-05
2.0605534309e-04
2.5098111245e-04
-1.8649850203e+00
-4.4411735082e-03
3.3949312406e+00
8.0223618951e-03
2.2539747812e+00
5.3363670549e-03
-2.7844494087e+00
-6.6739226357e-03
4.9719475029e-04
1.6598798104e-05
-5.0387298074e-05
-1.2675302051e-04
QVEC
21
5:6:7:8:9:10
BARREL
RPHI
FLOATPT
2.0000000000e+00 3.0000000000e+00
-inf inf
-1
1
2
-4.5112018081e-01
1.7569096938e-02
AMTX
21
5:6:7:8:9:10
BARREL
RPHI
FLOATPT
2.0000000000e+00 3.0000000000e+00
-inf inf
-1
10
12
-4.9739746964e+02
-1.1396323451e+00
1.9699863949e+03
4.6598632325e+00
-2.3482509296e+03
-5.5815235633e+00
8.7538707328e+02
2.0736328183e+00
1.0208991966e-01
-4.9543544164e-03
1.8914655088e-01
-6.4473144848e-02
-7.7558977297e+02
-1.8321589330e+00
7.7206333485e+02
1.8248839568e+00
5.9241938172e+02
1.4063757509e+00
-5.8897499781e+02
-1.4169158652e+00
1.3411505276e-01
7.6575066616e-03
-6.4191654119e-02
-2.9288721089e-02
6.7585159803e+01
1.5738795976e-01
2.6445184415e+01
6.2007484643e-02
-1.9814594971e+01
-3.2388986739e-02
-7.4263764399e+01
-1.6978467552e-01
1.7558304980e-01
2.5495741571e-02
-1.2233154045e-01
1.0517431654e-02
-1.1933669145e+00
6.8356790664e-03
-1.1902148640e+00
-4.2430494312e-03
-1.1853291854e+00
-2.2759702385e-04
-1.1798096012e+00
3.9458114209e-02
5.3676314905e+00
1.4242050819e-02
-7.2766820997e-01
-5.1391862146e-02
-4.6859191718e-01
1.6716751981e-02
-4.6922038478e-01
-9.9397614793e-02
-4.7054803557e-01
1.2194605775e-01
-4.7145096917e-01
-7.6485194256e-02
-1.5620030823e-01
-1.1396745587e-01
1.9038359792e+00
7.2626810411e-02
-5.2888241597e-02
-9.2334116609e-01
-5.5822666727e-02
3.1945838320e-01
-5.5346348155e-02
1.0929119540e-01
-5.6267247202e-02
4.9274631294e-01
-5.5223056140e-02
-1.4802518165e-01
-2.4944164456e-02
-1.3774499555e-01
-4.0649571374e-02
-2.1976236964e-02
-4.0800035775e-02
5.7603418229e-02
-4.2100274115e-02
6.0819843507e-01
-3.9851490483e-02
-3.2080155967e-01
-4.7927290441e-02
-6.0808376017e-01
-1.4380641064e-01
3.7994716046e-01
5.6685132817e-02
3.2482184864e-01
5.6088225973e-02
5.3318918792e-01
5.7371373676e-02
-3.6488531829e-02
5.7136122292e-02
1.3055710738e-02
5.7254242521e-02
-4.2027955346e-01
8.6411858336e-02
-6.0088410819e-01
1.2903679724e-01
2.4440062909e-01
1.3035613268e-01
-3.0739176999e-01
1.2962851741e-01
-3.7692574401e-03
1.2797294313e-01
6.8605282741e-01
1.2772608998e-01
-3.5224378759e-01
1.1902546867e-01
1.9903476647e-01
4.7833218935e-02
-6.0653552884e-02
4.6731119617e-02
3.9740382475e-01
4.9035759059e-02
-5.9730319502e-01
4.7849128668e-02
-1.1948787821e-01
5.9306220149e-02
-1.9993269596e-01
7.4758940138e-02
5.2786787484e-01
KVEC
21
5:6:7:8:9:10
BARREL
RPHI
FLOATPT
2.0000000000e+00 3.0000000000e+00
-inf inf
-1
1
10
-7.9622373305e+00
-3.5503738246e+00
4.4511084389e+00
-1.8124579547e+00
-4.3847329922e+00
2.2701492401e+00
-1.6688928008e+00
-7.7235545775e+01
2.9956212594e+01
1.2856840153e+01
CMTX
21
6:7:8:9:10
BARREL
RPHI
FLOATPT
2.0000000000e+00 3.0000000000e+00
-inf inf
1
2
10
1.5506730086e+00
-3.8088910610e-03
-2.4345037540e+00
5.7933703780e-03
-3.2236268000e+00
7.6804431908e-03
-3.3420259824e-01
8.4023540190e-04
4.4417959305e+00
-1.0864432973e-02
-1.1654786264e+00
2.8316512537e-03
1.8082641051e+00
-4.3114903000e-03
1.9525727218e+00
-4.6716727405e-03
3.4499372889e-01
-8.5558937050e-04
-1.9404913003e+00
4.7515784170e-03
QVEC
21
6:7:8:9:10
BARREL
RPHI
FLOATPT
2.0000000000e+00 3.0000000000e+00
-inf inf
1
1
2
4.3662478888e-01
-7.6966558153e-03
AMTX
21
6:7:8:9:10
BARREL
RPHI
FLOATPT
2.0000000000e+00 3.0000000000e+00
-inf inf
1
8
10
4.1762284299e+02
-9.7805518219e-01
-1.6303467566e+03
3.8855468923e+00
2.3279587526e+03
-5.5752726218e+00
-1.4942175684e+03
3.6129176013e+00
3.7904218227e+02
-9.6111260061e-01
7.7774891791e+02
-1.8040702579e+00
-1.8221772872e+03
4.3322480489e+00
1.6008392615e+02
-3.7504739247e-01
2.1371534781e+03
-5.1711733829e+00
-1.2528476760e+03
3.0552559718e+00
-1.0485775068e+03
2.5116590905e+00
5.5772459130e+02
-1.3311153127e+00
9.2068345353e+02
-2.2111391478e+00
3.3800907313e+02
-8.2771162406e-01
-7.6788156514e+02
1.8885067188e+00
-3.6317465221e+01
9.8262963894e-02
-2.0819144011e+01
5.2356809016e-02
-2.2909390264e+00
1.4635163523e-02
1.9186329367e+01
-3.2722111384e-02
4.0170614478e+01
-7.9332030096e-02
-1.0519141755e-02
7.3245361381e-01
-1.3462019273e-02
-5.1140558945e-01
-1.2953022405e-02
-2.9294648451e-01
-1.2128317737e-02
4.4499743280e-02
-1.3273394303e-02
-4.3454559030e-01
9.0816641131e-02
3.8818584937e-02
9.1998778205e-02
4.9163348361e-01
9.0340752604e-02
-2.4977515180e-01
8.9482784735e-02
-6.6252165142e-01
9.0173919578e-02
-4.2561418510e-01
1.4407192649e-02
-2.9134296451e-03
1.4545374410e-02
6.2224520444e-02
1.2428377726e-02
-8.2202016381e-01
1.4526105754e-02
5.7417325932e-02
1.5554403555e-02
4.7984854765e-01
1.9532140660e-02
1.4298475812e-01
1.8247982181e-02
-3.9067885260e-01
1.9677655586e-02
2.1047276812e-01
1.7561746668e-02
-6.6160648968e-01
2.0358710197e-02
4.8841193007e-01
KVEC
21
6:7:8:9:10
BARREL
RPHI
FLOATPT
2.0000000000e+00 3.0000000000e+00
-inf inf
1
1
8
-3.0296866939e+00
1.7075613826e+00
2.5551021319e+00
4.3147016168e+00
-6.2625841489e+01
-9.6208630050e+01
3.5190812216e+00
-6.4267045129e+00
CMTX
21
6:7:8:9:10
BARREL
RPHI
FLOATPT
2.0000000000e+00 3.0000000000e+00
-inf inf
-1
2
10
-1.0911678261e+00
-2.5830909762e-03
-7.3502885046e+00
-1.7431379513e-02
8.4418151328e+00
2.0185530082e-02
-5.3613935758e-04
-3.2546369364e-05
3.9181251104e-04
4.2123644133e-05
-4.8228732385e-02
-1.2584227792e-04
3.7947539184e+00
9.0019321812e-03
-2.7466011690e+00
-6.5571840979e-03
1.7743903482e-04
1.4800352069e-05
-1.6086015265e-04
-4.4241015912e-06
QVEC
21
6:7:8:9:10
BARREL
RPHI
FLOATPT
2.0000000000e+00 3.0000000000e+00
-inf inf
-1
1
2
-4.2294499432e-01
1.3232528910e-03
AMTX
21
6:7:8:9:10
BARREL
RPHI
FLOATPT
2.0000000000e+00 3.0000000000e+00
-inf inf
-1
8
10
1.2456337038e+03
2.9495940556e+00
-2.2968414666e+03
-5.4572559361e+00
1.0510194921e+03
2.5058519225e+00
1.4490758676e-02
-8.1714049724e-03
1.8794964242e-01
-3.8613990285e-02
-1.0721657855e+02
-2.5310297203e-01
-6.2322055219e+00
-2.8670712510e-02
1.1344994236e+02
2.6463026401e-01
-1.3709573445e-01
-2.6160821324e-02
1.2454682109e-01
-7.7890369436e-03
1.6070529435e+00
6.3179162618e-03
1.6035586496e+00
-2.7593046113e-03
1.5997135507e+00
-3.7214833396e-02
-5.3580670826e+00
-1.2496513774e-02
6.8951231662e-01
4.9862944770e-02
-6.0706469084e-01
-9.6579163333e-02
-6.0853392701e-01
1.2501996262e-01
-6.0961042574e-01
-7.8731070206e-02
-3.0018785568e-01
-1.1125599559e-01
1.9015988558e+00
7.2987470818e-02
8.4220296126e-02
6.6690687199e-02
8.5711692688e-02
-5.7001768768e-01
8.3207731819e-02
4.5710013536e-01
9.3357657713e-02
4.5771687824e-01
1.9974822490e-01
-4.5473514935e-01
5.4161956633e-02
5.4836727378e-01
5.4839503483e-02
2.4051707448e-01
5.4419547147e-02
3.8249622104e-01
5.3521784127e-02
-5.9173487532e-01
6.7847645431e-02
-3.6108226315e-01
-1.4507936260e-01
3.8022130530e-01
-1.4414908490e-01
-2.0152308251e-02
-1.4278287459e-01
-6.0906379788e-01
-1.4718270658e-01
1.9182394648e-01
-1.3531378782e-01
-5.0794741574e-01
1.0118197727e-01
3.4113697890e-01
1.0339819985e-01
-6.2177487695e-01
1.0255192716e-01
-2.9705956307e-01
1.1564927872e-01
-2.9929304833e-01
1.3080105017e-01
3.6776800428e-01
KVEC
21
6:7:8:9:10
BARREL
RPHI
FLOATPT
2.0000000000e+00 3.0000000000e+00
-inf inf
-1
1
8
-5.0088422764e+00
-4.1155056960e+00
1.8854520035e+00
-4.1465473733e+00
-4.9232424936e+00
-3.3972932997e+01
-6.5298517145e+01
-2.7675435855e+01
CMTX
21
5:7:8:9:10
BARREL
RPHI
FLOATPT
2.0000000000e+00 3.0000000000e+00
-inf inf
1
2
10
9.6509913686e-01
-2.2741121835e-03
-2.4974230595e+00
5.9243698238e-03
-2.5742490385e+00
6.0877461158e-03
6.5457471187e-02
-1.4531555945e-04
4.0412247276e+00
-9.8847814668e-03
-7.6736675185e-01
1.8122346986e-03
1.9519581529e+00
-4.6434526933e-03
1.4336653500e+00
-3.4026076949e-03
5.8684509625e-03
-2.1031131017e-05
-1.6242438985e+00
3.9754992886e-03
QVEC
21
5:7:8:9:10
BARREL
RPHI
FLOATPT
2.0000000000e+00 3.0000000000e+00
-inf inf
1
1
2
4.3646971623e-01
-8.1873576817e-03
AMTX
21
5:7:8:9:10
BARREL
RPHI
FLOATPT
2.0000000000e+00 3.0000000000e+00
-inf inf
1
8
10
3.8231772805e+01
-1.1615398459e-01
-8.3790729612e+02
1.9993842611e+00
2.1754966777e+03
-5.2111039805e+00
-2.1300736940e+03
5.1508851133e+00
7.5431952937e+02
-1.8712022015e+00
-2.6315353237e+02
6.2113759236e-01
1.8081382950e+03
-4.3055391336e+00
-1.2708428920e+03
3.0432747996e+00
-1.5589371723e+03
3.7802012782e+00
1.2848344565e+03
-3.1367244237e+00
4.9222948202e+02
-1.1667275071e+00
-4.6808518771e+02
1.1136726446e+00
-3.5235083330e+02
8.3412254969e-01
-3.7417064158e+01
8.9731914898e-02
3.6563551405e+02
-8.9616095299e-01
3.6290216148e+01
-8.4363977766e-02
1.3970348057e+01
-3.7744508266e-02
-3.2286342930e-01
-1.0329622978e-02
-1.6862594170e+01
2.6633083169e-02
-3.3006933004e+01
6.0840755204e-02
1.4554601752e-03
-9.3336833591e-01
3.1784292941e-03
-1.6437054936e-01
4.7523192341e-03
5.1920970103e-01
3.6519855914e-03
8.3233615578e-02
3.9094504209e-03
2.1584647983e-01
9.7731458322e-02
-1.2871835451e-01
9.9375990549e-02
5.0189355105e-01
9.8630145844e-02
1.5280508038e-01
9.6587560864e-02
-7.3968008013e-01
9.7827940636e-02
-2.6444149546e-01
3.7574680285e-02
-3.8280644750e-03
3.7720452578e-02
8.1966445621e-02
3.6794146869e-02
-2.9231804855e-01
3.6752706143e-02
-2.8518462160e-01
3.9496887411e-02
8.5603953413e-01
5.1432989458e-02
-1.0344234416e-01
5.3394991338e-02
7.4766459813e-01
5.1423835629e-02
-6.3286699280e-02
5.2795268419e-02
5.2218292374e-01
5.1651211954e-02
6.8828728721e-02
KVEC
21
5:7:8:9:10
BARREL
RPHI
FLOATPT
2.0000000000e+00 3.0000000000e+00
-inf inf
1
1
8
-3.5719790622e+00
-3.9728972237e-01
-2.3022792516e+00
-4.2462497684e+00
3.6487384988e+01
-6.2033664500e+01
5.0702003130e+01
8.4265040242e+01
CMTX
21
5:7:8:9:10
BARREL
RPHI
FLOATPT
2.0000000000e+00 3.0000000000e+00
-inf inf
-1
2
10
7.2711740016e-01
1.9267030876e-03
-1.1202967025e+01
-2.6585773396e-02
1.0476053899e+01
2.5019135988e-02
-6.0649523403e-04
-4.0042151305e-05
7.0061039573e-04
1.8320048048e-05
-6.6939034961e-01
-1.6703581753e-03
5.4150107288e+00
1.2850493862e-02
-3.7456932893e+00
-8.9380271345e-03
2.6739745734e-04
1.8632134086e-05
-2.9414577277e-04
-1.3992755582e-05
QVEC
21
5:7:8:9:10
BARREL
RPHI
FLOATPT
2.0000000000e+00 3.0000000000e+00
-inf inf
-1
1
2
-4.2302252127e-01
3.5075735390e-03
AMTX
21
5:7:8:9:10
BARREL
RPHI
FLOATPT
2.0000000000e+00 3.0000000000e+00
-inf inf
-1
8
10
5.3965555774e+02
1.2878640902e+00
-1.4083839525e+03
-3.3460781403e+00
8.6870167263e+02
2.0779089391e+00
-8.6891538489e-02
-9.1872635335e-03
1.3043509857e-01
3.6707301021e-03
-8.3383872788e+01
-1.9449378726e-01
1.2057940129e+01
1.4176626223e-02
7.1348671764e+01
1.6251855971e-01
-1.5312097070e-01
-2.5439382715e-02
1.2247641753e-01
-1.1518637041e-02
-1.6093483304e+00
3.8429387232e-03
-1.6023041833e+00
2.4543922302e-03
-1.5974204263e+00
3.6120999187e-02
5.3580098485e+00
1.2411200521e-02
-6.8893226277e-01
-5.0073606431e-02
6.0508855486e-01
5.0042292621e-03
6.0728654631e-01
-1.2458540139e-01
6.0831923549e-01
7.5353995526e-02
2.9963936377e-01
1.1769088416e-01
-1.8955637067e+00
-6.6221503359e-02
-7.9193620670e-02
-9.5370912646e-01
-8.1722353266e-02
1.2570850226e-01
-8.2598755999e-02
5.0358451158e-01
-8.7132798480e-02
-8.5151400669e-02
-8.4752108418e-02
-8.6955270021e-02
8.2244842882e-02
5.0802649868e-02
8.3759209948e-02
-6.1357448951e-01
8.1392548225e-02
3.5889696365e-01
9.2006831507e-02
5.3465272151e-01
1.9576245205e-01
-4.0323306468e-01
-1.8604890293e-01
-2.4948206722e-01
-1.8633499920e-01
-8.3412853830e-02
-1.8538177482e-01
-4.4838564893e-01
-1.8705192238e-01
6.3657064981e-01
-1.9177570462e-01
2.9059016912e-01
1.1810727162e-01
-2.5032174223e-02
1.1884571330e-01
-3.1296198311e-01
1.1749938096e-01
2.6308506809e-01
1.2925241314e-01
-5.1558080652e-02
1.3352977666e-01
8.0566925994e-01
KVEC
21
5:7:8:9:10
BARREL
RPHI
FLOATPT
2.0000000000e+00 3.0000000000e+00
-inf inf
-1
1
8
3.1287719592e-01
-4.5820621352e+00
-1.7457970147e+00
1.9206570482e+00
3.0406180145e+00
-2.6817337231e+00
4.9068633595e+01
8.2464747015e+01
CMTX
21
5:6:8:9:10
BARREL
RPHI
FLOATPT
2.0000000000e+00 3.0000000000e+00
-inf inf
1
2
10
1.5426273425e+00
-3.6506992524e-03
-2.2582581394e+00
5.2312297354e-03
-3.1476245611e+00
7.4433189217e-03
-2.6882172652e-01
6.5059328002e-04
4.1321394853e+00
-1.0058160551e-02
-1.2871697668e+00
3.0480900849e-03
1.9175909085e+00
-4.4897410374e-03
1.7623987698e+00
-4.1712295046e-03
2.4532837022e-01
-5.8860939694e-04
-1.6382272798e+00
3.9740533824e-03
QVEC
21
5:6:8:9:10
BARREL
RPHI
FLOATPT
2.0000000000e+00 3.0000000000e+00
-inf inf
1
1
2
4.3667054234e-01
-8.2127905304e-03
AMTX
21
5:6:8:9:10
BARREL
RPHI
FLOATPT
2.0000000000e+00 3.0000000000e+00
-inf inf
1
8
10
1.1834555776e+02
-3.0713029661e-01
-4.7088977551e+02
1.1032348191e+00
1.8060178281e+03
-4.3308769836e+00
-2.4435560982e+03
5.9082972511e+00
9.9014543888e+02
-2.4375924676e+00
-7.7820994213e+02
1.8421157002e+00
1.8635226059e+03
-4.4602198570e+00
-1.2701508757e+03
3.0679446967e+00
-8.9712214782e+02
2.1919619546e+00
1.0820204348e+03
-2.6608521607e+00
5.8427590353e+02
-1.3852362421e+00
-3.8052116517e+02
8.9173032970e-01
-4.9996405534e+02
1.1838842040e+00
-1.0522736627e+02
2.5177998080e-01
4.0144091617e+02
-9.7611374152e-01
-2.9311909228e+01
6.8646330261e-02
-2.0397660654e+01
6.0953424531e-02
2.3547668124e+00
4.2764482973e-03
1.6661958071e+01
-2.6386945740e-02
3.0627373985e+01
-5.5961708508e-02
8.6958615071e-04
-8.7505775563e-01
2.0330649869e-03
-3.6811494618e-01
4.0890378047e-03
5.2076751285e-01
2.9735521087e-03
6.9812176242e-02
3.4900823528e-03
3.0350259015e-01
-4.4816048623e-02
3.4478883846e-01
-4.6819273785e-02
-4.8617980112e-01
-4.6253565154e-02
-2.0451592838e-01
-4.5175353463e-02
2.7540399076e-01
-4.4211315173e-02
6.9399973871e-01
6.5097072969e-02
4.9507499622e-02
6.4744583553e-02
-1.2515149654e-01
6.5077097920e-02
-3.5537739431e-02
6.3057846624e-02
-9.0267006518e-01
6.5946775619e-02
2.5668328321e-01
5.1035332330e-02
-4.4218184928e-01
5.3007387365e-02
3.8428771621e-01
5.0508654136e-02
-6.5086193152e-01
5.2182186304e-02
5.0349217561e-02
5.2772313605e-02
2.9410665361e-01
KVEC
21
5:6:8:9:10
BARREL
RPHI
FLOATPT
2.0000000000e+00 3.0000000000e+00
-inf inf
1
1
8
-3.8139691944e+00
-1.3012207938e+00
-2.2413384357e+00
4.2821468458e+00
4.1427529555e+01
7.6213006156e+01
-5.8622243025e+01
-5.2583282807e+00
CMTX
21
5:6:8:9:10
BARREL
RPHI
FLOATPT
2.0000000000e+00 3.0000000000e+00
-inf inf
-1
2
10
3.7457019848e+00
8.8849177976e-03
-1.0314021619e+01
-2.4408859901e-02
6.5699548321e+00
1.5781619965e-02
-1.2127993644e-03
-1.7662800911e-05
-1.8765223842e-04
3.5741692445e-04
-2.1366855042e+00
-5.0516833693e-03
4.9969589912e+00
1.1811930989e-02
-1.8610413608e+00
-4.4818006674e-03
5.6184517252e-04
8.5751804119e-06
1.3726184192e-04
-1.7747938894e-04
QVEC
21
5:6:8:9:10
BARREL
RPHI
FLOATPT
2.0000000000e+00 3.0000000000e+00
-inf inf
-1
1
2
-4.6252320057e-01
2.3002057156e-02
AMTX
21
5:6:8:9:10
BARREL
RPHI
FLOATPT
2.0000000000e+00 3.0000000000e+00
-inf inf
-1
8
10
8.7415735132e+02
2.0563762596e+00
-1.2303841116e+03
-2.9090488144e+00
3.5637147165e+02
8.6532390424e-01
-1.5160074889e-01
-5.8659698731e-03
1.4796783091e-02
4.4170884177e-02
6.3932666717e+01
1.4888011177e-01
2.0849222371e+01
4.8826310041e-02
-8.4840190637e+01
-1.9484126716e-01
1.9121702534e-01
2.7002059358e-02
-1.2667422366e-01
1.0074672852e-02
-1.6084240634e+00
4.3417377100e-03
-1.6048912812e+00
-6.8921791945e-03
-1.5934287766e+00
3.6048456962e-02
5.3571194930e+00
1.3027350492e-02
-6.8891862222e-01
-5.0124761227e-02
-5.9826541432e-01
1.2745499023e-02
-5.9898636124e-01
-9.7295078694e-02
-6.0140029220e-01
-7.9231262318e-02
-2.9248384659e-01
-9.7061018645e-02
1.8988671475e+00
6.8438317607e-02
7.2302888778e-02
9.2783867468e-01
7.5257957601e-02
-3.2018246263e-01
7.5720733410e-02
-4.9381586987e-01
7.5088971412e-02
1.0666915286e-01
3.8799981431e-02
1.5209896554e-01
-1.2392029404e-01
-3.1529951345e-01
-1.2341531101e-01
-4.8811049215e-01
-1.2413740954e-01
-1.0208208715e-01
-1.2740870692e-01
5.7329026692e-01
-1.5082202716e-01
4.4554515565e-01
5.2997347878e-02
1.8048291531e-01
5.3752782352e-02
-1.4045060112e-01
5.2484142839e-02
4.1699520232e-01
5.2815627456e-02
5.9131940781e-01
1.1895911756e-01
-5.9184062262e-01
-1.8260943678e-01
-9.8732698636e-02
-1.8373752827e-01
3.6160550514e-01
-1.8143262813e-01
-6.1524166673e-01
-1.8679405308e-01
2.4935617142e-01
-1.8095715726e-01
-4.0243885004e-01
KVEC
21
5:6:8:9:10
BARREL
RPHI
FLOATPT
2.0000000000e+00 3.0000000000e+00
-inf inf
-1
1
8
5.3399503954e+00
3.8048033427e+00
-2.1205739996e+00
-9.5881087176e+00
1.0768318655e+00
6.8527029250e+01
1.5447051528e+01
-5.0738556294e+01
CMTX
21
5:6:7:9:10
BARREL
RPHI
FLOATPT
2.0000000000e+00 3.0000000000e+00
-inf inf
1
2
10
1.6237052825e+00
-3.8771589526e-03
-1.6957194546e+00
3.9322252429e-03
-2.7959596527e+00
6.6468814084e-03
-9.0937962217e-01
2.1952189526e-03
3.7774561143e+00
-9.2305456955e-03
-1.3034428918e+00
3.1042397257e-03
1.4541983009e+00
-3.4113081483e-03
1.7372130899e+00
-4.1365001481e-03
5.2161182996e-01
-1.2547611442e-03
-1.4096837850e+00
3.4396177283e-03
QVEC
21
5:6:7:9:10
BARREL
RPHI
FLOATPT
2.0000000000e+00 3.0000000000e+00
-inf inf
1
1
2
4.3378310778e-01
-6.6826867529e-03
AMTX
21
5:6:7:9:10
BARREL
RPHI
FLOATPT
2.0000000000e+00 3.0000000000e+00
-inf inf
1
8
10
4.5526135310e+02
-1.0929385412e+00
-1.8727880015e+03
4.4165107384e+00
2.1642873260e+03
-5.1515736227e+00
-1.4091499863e+03
3.3992095607e+00
6.6238588806e+02
-1.5952541941e+00
-6.1340856115e+02
1.4414607201e+00
1.4954820832e+03
-3.5847867193e+00
-2.9221910245e+02
7.0449771687e-01
-1.9806948677e+03
4.8084148434e+00
1.3909283242e+03
-3.4267006190e+00
-6.0073971977e+02
1.4286272158e+00
2.6561974035e+02
-6.2646196939e-01
5.1490617012e+02
-1.2254754352e+00
1.0830989852e+02
-2.5816159313e-01
-2.8810539410e+02
7.0567487240e-01
2.6153850582e+01
-6.2892605054e-02
1.7481191049e+01
-5.4409090636e-02
7.3587705442e+00
-2.0659348290e-02
-1.8653910374e+01
3.1448423655e-02
-3.2278570447e+01
6.0268822684e-02
-8.2789528346e-03
8.7659893909e-01
-9.3332748819e-03
4.3114760008e-01
-1.0536660681e-02
-8.2924993629e-02
-1.0523425606e-02
-8.1697034150e-02
-1.1347142374e-02
-4.2984813867e-01
3.2562660539e-02
4.0979044474e-01
3.0269231162e-02
-5.6731102199e-01
3.3259438740e-02
6.8022207907e-01
3.1182897776e-02
-2.2133216866e-01
3.2170008273e-02
1.7379655546e-01
8.9806543803e-02
-3.3841416101e-01
9.1087313952e-02
1.6864531684e-01
9.1243487505e-02
1.9501307206e-01
8.9231512049e-02
-7.3207675335e-01
9.0064942525e-02
-4.2996924298e-01
7.4308281513e-03
1.8112020864e-01
7.2881938905e-03
1.2368974253e-01
6.1269203278e-03
-3.4982972683e-01
5.6129382127e-03
-5.3251529037e-01
8.4994588645e-03
6.6131088905e-01
KVEC
21
5:6:7:9:10
BARREL
RPHI
FLOATPT
2.0000000000e+00 3.0000000000e+00
-inf inf
1
1
8
4.6215854331e-01
-4.1950264840e+00
1.7747226662e+00
-3.7476455973e+00
-2.2356096826e+01
2.2406482449e+01
-1.0387161740e+02
1.4869079568e+01
CMTX
21
5:6:7:9:10
BARREL
RPHI
FLOATPT
2.0000000000e+00 3.0000000000e+00
-inf inf
-1
2
10
3.0487185018e+00
7.0902588733e-03
-1.6589651889e+01
-3.9265375149e-02
1.3543448343e+01
3.2238111569e-02
-1.0456657072e-03
4.5795453886e-05
-1.3937453915e-03
5.6177495534e-04
-1.8233899159e+00
-4.2734595508e-03
6.5489696046e+00
1.5487119752e-02
-3.7265604538e+00
-8.8796217378e-03
4.8775416012e-04
-9.6475495535e-06
4.7282056039e-04
-2.2864655927e-04
QVEC
21
5:6:7:9:10
BARREL
RPHI
FLOATPT
2.0000000000e+00 3.0000000000e+00
-inf inf
-1
1
2
-4.8262516370e-01
2.7683881123e-02
AMTX
21
5:6:7:9:10
BARREL
RPHI
FLOATPT
2.0000000000e+00 3.0000000000e+00
-inf inf
-1
8
10
9.1505353519e+02
2.1449386771e+00
-1.7435131929e+03
-4.1236606923e+00
8.2869009183e+02
1.9703881556e+00
-1.8842290645e-01
-5.2526646288e-03
-4.3384959245e-02
6.0654659567e-02
-1.2506259190e+02
-2.9516332175e-01
-4.1643457560e+00
-8.7934252918e-03
1.2933467221e+02
2.9183114612e-01
-2.1712745360e-01
-2.4349603184e-02
1.1114314838e-01
-1.1717951628e-02
-1.6095403856e+00
1.1185301150e-02
-1.6050177841e+00
-8.6358558428e-03
-1.5984720754e+00
2.8104076472e-03
5.3488444373e+00
1.1795118688e-02
-6.8169900484e-01
-4.7812686266e-02
6.0299572363e-01
9.7101280007e-03
6.0368004598e-01
9.3544979454e-02
6.0497726780e-01
-1.2394708390e-01
3.0027834845e-01
1.1099529070e-01
-1.9023583969e+00
-6.8241673539e-02
1.3229711000e-01
9.2753948839e-01
1.3530999083e-01
-3.5082840784e-01
1.3502859310e-01
-2.2659838613e-01
1.3915769704e-01
2.1821096075e-01
1.6259703930e-01
6.0239612295e-02
-2.8595481811e-02
-2.4149913539e-01
-2.9351089481e-02
6.0752109488e-02
-2.7828258032e-02
-5.8448974905e-01
-2.2018920553e-02
6.4965543901e-01
6.1520348542e-02
-4.0371341322e-01
-9.2030843995e-02
-2.4485060455e-01
-9.1179834400e-02
-5.5743751398e-01
-9.2663121102e-02
1.0036588064e-01
-9.5999165319e-02
4.1671196700e-01
-1.3485208705e-01
5.9206918003e-01
-1.1897761119e-01
1.3065497665e-01
-1.1809806684e-01
-2.3419300250e-01
-1.2000326065e-01
5.9300998219e-01
-1.3259081046e-01
2.5258967827e-01
-1.4909568106e-01
-5.5568547843e-01
KVEC
21
5:6:7:9:10
BARREL
RPHI
FLOATPT
2.0000000000e+00 3.0000000000e+00
-inf inf
-1
1
8
6.0708603147e+00
-4.0551120736e+00
-4.2600238873e+00
-4.8348609950e-01
2.1440335845e+01
-1.8865519221e+01
8.1344022988e+01
-1.1496358552e+01
CMTX
21
5:6:7:8:10
BARREL
RPHI
FLOATPT
2.0000000000e+00 3.0000000000e+00
-inf inf
1
2
10
1.4030613759e+00
-3.3220978768e-03
-1.2969036150e+00
2.9700171808e-03
-1.6675973861e+00
3.9611893780e-03
-2.3227653634e+00
5.4774065607e-03
3.8842850191e+00
-9.4741842773e-03
-1.1922079941e+00
2.8238375451e-03
1.2480745764e+00
-2.9146353131e-03
1.1678429481e+00
-2.7809675649e-03
1.2121009378e+00
-2.8599012329e-03
-1.4359003309e+00
3.4943263617e-03
QVEC
21
5:6:7:8:10
BARREL
RPHI
FLOATPT
2.0000000000e+00 3.0000000000e+00
-inf inf
1
1
2
4.3810289906e-01
-8.3541819739e-03
AMTX
21
5:6:7:8:10
BARREL
RPHI
FLOATPT
2.0000000000e+00 3.0000000000e+00
-inf inf
1
8
10
3.8835225885e+02
-9.1429880429e-01
-1.6960882767e+03
4.0022308637e+00
2.4908275228e+03
-5.9320913021e+00
-1.3424750708e+03
3.1960902751e+00
1.5933986348e+02
-3.5155841200e-01
7.3298623186e+02
-1.7453683584e+00
-1.7635420154e+03
4.2183706341e+00
-2.2138273903e+02
5.2184321343e-01
1.9468655735e+03
-4.6870362414e+00
-6.9496031771e+02
1.7047196020e+00
-5.5594782260e+02
1.3182577015e+00
1.7575851569e+02
-4.1103788670e-01
3.8892672716e+02
-9.2563864463e-01
3.0186845339e+02
-7.1143599482e-01
-3.1061324670e+02
7.5891183570e-01
-2.7482670848e+01
6.4407195134e-02
-1.7276854004e+01
5.3152703540e-02
-5.3682156164e+00
1.6505893757e-02
8.8142414666e+00
-1.1345910785e-02
4.1257960517e+01
-8.2345231853e-02
-4.9682175117e-03
8.7105697321e-01
-6.0992280635e-03
3.8042357661e-01
-7.0586995162e-03
-3.4817056651e-02
-8.1979172541e-03
-5.2089002098e-01
-7.6144480604e-03
-3.0297900235e-01
1.9670410422e-02
3.3858850437e-01
1.7387920226e-02
-6.2822561081e-01
2.0447232971e-02
6.5669346957e-01
1.8661146234e-02
-1.0387049861e-01
1.9617280925e-02
2.8559255875e-01
-3.7642368010e-02
6.8218413857e-02
-3.7785782968e-02
1.9897728928e-02
-3.8876000391e-02
-4.0902851180e-01
-3.8696257951e-02
-3.0905975245e-01
-3.6137869794e-02
8.0369692438e-01
-8.8099330158e-02
4.8089100607e-01
-8.9573338873e-02
-1.1892690332e-01
-8.9974900333e-02
-2.6979327241e-01
-8.7703611162e-02
6.9888552447e-01
-8.9316124578e-02
7.2645261994e-02
KVEC
21
5:6:7:8:10
BARREL
RPHI
FLOATPT
2.0000000000e+00 3.0000000000e+00
-inf inf
1
1
8
2.0052581467e+00
1.4330388731e+00
2.1472080322e+00
3.1398356126e+00
-3.6572177893e+01
4.2097192602e+01
4.7418240452e+01
4.9529579696e+01
CMTX
21
5:6:7:8:10
BARREL
RPHI
FLOATPT
2.0000000000e+00 3.0000000000e+00
-inf inf
-1
2
10
3.1700435862e+00
7.5953542651e-03
-6.9415624296e+00
-1.6432826334e-02
-4.7350098107e+00
-1.1214496587e-02
8.5067445540e+00
2.0389063234e-02
4.7739614914e-05
2.3956766697e-04
-1.8624072944e+00
-4.4372197868e-03
3.3898007350e+00
8.0109329284e-03
2.2566273191e+00
5.3446062488e-03
-2.7841260483e+00
-6.6775946721e-03
2.2820818254e-05
-1.2146904901e-04
QVEC
21
5:6:7:8:10
BARREL
RPHI
FLOATPT
2.0000000000e+00 3.0000000000e+00
-inf inf
-1
1
2
-4.5325303646e-01
1.8608530291e-02
AMTX
21
5:6:7:8:10
BARREL
RPHI
FLOATPT
2.0000000000e+00 3.0000000000e+00
-inf inf
-1
8
10
4.9690186179e+02
1.1386269991e+00
-1.9692055793e+03
-4.6577605326e+00
2.3480757267e+03
5.5815019225e+00
-8.7558515302e+02
-2.0732645886e+00
-2.0259516500e-01
6.3591324885e-02
-7.7541496963e+02
-1.8324049097e+00
7.7199309013e+02
1.8250604502e+00
5.9204173531e+02
1.4063004767e+00
-5.8858833449e+02
-1.4172325913e+00
-4.3732905976e-02
-2.7832882472e-02
6.7558737809e+01
1.5596014981e-01
2.6464663369e+01
6.3244053441e-02
-1.9758591086e+01
-2.9699982343e-02
-7.4166260205e+01
-1.7130897978e-01
-9.2686306574e-02
1.2790175430e-02
-5.0817202066e-01
1.9590749334e-02
-5.0871814132e-01
-1.0691745862e-01
-5.0996481673e-01
1.1105143767e-01
-5.1080541309e-01
-7.5817263150e-02
1.8670822161e+00
6.8077369336e-02
8.7378674403e-02
9.3327235674e-01
9.0273217736e-02
-2.9771622999e-01
8.9768574243e-02
-8.2552833062e-02
9.0728252195e-02
-4.9053209904e-01
5.0453186835e-02
1.4854146385e-01
1.7174600342e-01
2.2375660301e-01
1.7172267076e-01
1.9246560960e-01
1.7341402572e-01
-5.4848337038e-01
1.7103673476e-01
3.9869933471e-01
2.6386778809e-01
-5.1256134112e-01
-1.1887782409e-01
9.5071297653e-02
-1.1993582175e-01
5.1883135303e-01
-1.1926058199e-01
2.2859853655e-01
-1.1769441098e-01
-4.4362689798e-01
-1.1190000148e-01
-5.7061861720e-01
1.6258801544e-02
2.0386505170e-01
1.7646808977e-02
-3.7189369366e-01
1.5346834497e-02
6.1836437119e-01
1.5897586773e-02
4.0445498992e-01
-1.2084191387e-02
-3.8210586353e-01
KVEC
21
5:6:7:8:10
BARREL
RPHI
FLOATPT
2.0000000000e+00 3.0000000000e+00
-inf inf
-1
1
8
7.5000059582e+00
-4.0934525334e+00
2.4896288815e+00
4.5673337909e+00
-1.1918672810e+01
-4.5802903171e+01
-5.8293682790e+01
9.0686464381e+00
CMTX
21
5:6:7:8:9
BARREL
RPHI
FLOATPT
2.0000000000e+00 3.0000000000e+00
-inf inf
1
2
10
2.0411324354e+00
-4.7874813935e-03
-2.5679445403e+00
6.1053714360e-03
-3.2670104636e+00
7.7491709197e-03
-1.8825496181e+00
4.4039940795e-03
5.6762659467e+00
-1.3756025868e-02
-1.4306018711e+00
3.3710794228e-03
1.7278409689e+00
-4.0981611950e-03
1.7624348673e+00
-4.1894485687e-03
1.0254686325e+00
-2.4055697744e-03
-2.0851641923e+00
5.0577477948e-03
QVEC
21
5:6:7:8:9
BARREL
RPHI
FLOATPT
2.0000000000e+00 3.0000000000e+00
-inf inf
1
1
2
4.3512561515e-01
-8.4585399786e-03
AMTX
21
5:6:7:8:9
BARREL
RPHI
FLOATPT
2.0000000000e+00 3.0000000000e+00
-inf inf
1
8
10
3.8026593000e+02
-8.8896991552e-01
-1.6338498369e+03
3.8621156239e+00
2.4194184467e+03
-5.7622639075e+00
-1.4999304728e+03
3.5730184939e+00
3.3404456721e+02
-8.1609208624e-01
6.1644548339e+02
-1.4785348337e+00
-1.7195653996e+03
4.0943639152e+00
2.0430575425e+02
-4.8717373598e-01
2.0929785263e+03
-5.0351434090e+00
-1.1941619239e+03
2.8715503609e+00
6.4340122135e+02
-1.5224097787e+00
-3.5425351928e+02
8.4518203939e-01
-5.1670331275e+02
1.2284092880e+00
-1.9119685089e+02
4.4401974902e-01
4.1874343186e+02
-1.0179749656e+00
-3.9872327414e+01
9.5215798697e-02
-2.3005270884e+01
6.9617558897e-02
-3.4591227524e+00
1.1544473216e-02
1.9737088973e+01
-3.7602222408e-02
4.6545261358e+01
-9.9423450487e-02
3.2395094874e-03
-9.0800814785e-01
4.6420170447e-03
-3.0842712849e-01
5.3961809053e-03
8.2970522454e-03
6.7087385208e-03
5.5855030935e-01
5.5211504291e-03
5.9694684297e-02
4.2917944507e-02
2.0689090127e-01
4.1027460801e-02
-6.0691405943e-01
4.4273492628e-02
7.3836744314e-01
4.2617871266e-02
1.5319908509e-02
4.2035136251e-02
-2.5294940563e-01
-8.3349804733e-02
1.6251601403e-01
-8.4477490665e-02
-2.9022404750e-01
-8.3736490103e-02
4.2188843374e-02
-8.3859470064e-02
1.2752177369e-02
-8.1829606287e-02
8.8296840475e-01
-5.9499350283e-02
4.6181630805e-01
-6.0733921168e-02
-4.1052885069e-02
-6.1152769196e-02
-2.0511974807e-01
-5.8906967036e-02
7.4755859346e-01
-6.1054985854e-02
-1.2796941945e-01
KVEC
21
5:6:7:8:9
BARREL
RPHI
FLOATPT
2.0000000000e+00 3.0000000000e+00
-inf inf
1
1
8
-2.3246673984e+00
-1.8564460256e+00
-2.0394112192e+00
2.4858830856e+00
1.2178267777e+01
-1.2677583973e+00
7.5386198001e+01
3.9027025897e+01
CMTX
21
5:6:7:8:9
BARREL
RPHI
FLOATPT
2.0000000000e+00 3.0000000000e+00
-inf inf
-1
2
10
3.1631071477e+00
7.5681464455e-03
-6.9261293518e+00
-1.6374042146e-02
-4.7453767653e+00
-1.1249388508e-02
8.5094825016e+00
2.0403770598e-02
-8.3847097410e-04
-2.0789772533e-05
-1.8579173317e+00
-4.4221031055e-03
3.3772966969e+00
7.9719183929e-03
2.2683068074e+00
5.3758672883e-03
-2.7881929370e+00
-6.6904573642e-03
4.2705577975e-04
1.2062610928e-05
QVEC
21
5:6:7:8:9
BARREL
RPHI
FLOATPT
2.0000000000e+00 3.0000000000e+00
-inf inf
-1
1
2
-4.2641115116e-01
4.8153834027e-03
AMTX
21
5:6:7:8:9
BARREL
RPHI
FLOATPT
2.0000000000e+00 3.0000000000e+00
-inf inf
-1
8
10
4.9429836741e+02
1.1339879071e+00
-1.9575084871e+03
-4.6330595079e+00
2.3319297870e+03
5.5471515630e+00
-8.6844091628e+02
-2.0586244509e+00
-2.6992115084e-01
-2.2883413897e-03
7.7491851260e+02
1.8292924352e+00
-7.7102174649e+02
-1.8186502011e+00
-5.9231965024e+02
-1.4091503543e+00
5.8849658488e+02
1.4188838908e+00
-6.8380300870e-02
-4.2782679000e-03
-6.7458988632e+01
-1.5850836945e-01
-2.6390867709e+01
-5.8369606056e-02
1.9754800398e+01
2.8418739208e-02
7.4135380422e+01
1.7202916752e-01
-6.0822453879e-02
-2.0285939361e-02
1.2583122509e+00
-1.7784823922e-02
1.2576407892e+00
3.4536776006e-02
1.2555749514e+00
-2.9690167087e-02
1.2540760857e+00
-1.8493048802e-02
-4.9867725415e+00
2.0827586111e-02
-7.4172048725e-02
-9.3691532315e-01
-7.7070753870e-02
2.9629017399e-01
-7.6741673732e-02
1.4893775998e-01
-7.7489836019e-02
4.6355569063e-01
-7.4889253972e-02
-1.7116323378e-01
-1.3617092802e-01
6.2060319605e-02
-1.3620410558e-01
6.6254006151e-02
-1.3760335836e-01
6.4697409747e-01
-1.3503102390e-01
-4.4277277631e-01
-1.4160856906e-01
-5.5607728791e-01
-1.9604505386e-01
-2.9113208232e-01
-1.9557113700e-01
-4.7628989510e-01
-1.9704224748e-01
1.6424407428e-01
-1.9590489540e-01
-2.8651968602e-01
-1.9745247863e-01
5.7251397791e-01
-7.2378544139e-02
-1.3760168607e-01
-7.4194083003e-02
6.1165369107e-01
-7.1894201335e-02
-3.7421048680e-01
-7.1514352181e-02
-5.5190994709e-01
-6.3437721681e-02
1.4880191865e-01
KVEC
21
5:6:7:8:9
BARREL
RPHI
FLOATPT
2.0000000000e+00 3.0000000000e+00
-inf inf
-1
1
8
3.7773163326e-01
8.7296201252e-01
-2.7511992749e+00
3.1366440887e-01
1.4105529174e+01
-4.1456747484e+01
1.7837328140e+01
-2.4079700769e+01
