56
CMTX
26
5:6:7:8:9:10
BARREL
RPHI
FLOATPT
2.0000000000e+00 3.0000000000e+00
-inf inf
1
2
12
3.1747423810e+00
-7.6719989651e-03
-6.9873237423e+00
1.6592837480e-02
-4.6553693351e+00
1.1052615320e-02
8.4691026039e+00
-2.0320236828e-02
-1.0702380300e-03
3.7043806267e-05
1.9204025094e-04
-2.5096418180e-04
-1.8689148488e+00
4.4839308133e-03
3.4113679693e+00
-8.0933845675e-03
2.2312613111e+00
-5.2947390198e-03
-2.7742629952e+00
6.6621130278e-03
5.0232573650e-04
-1.5621358073e-05
-4.7142707189e-05
1.2862075612e-04
QVEC
26
5:6:7:8:9:10
BARREL
RPHI
FLOATPT
2.0000000000e+00 3.0000000000e+00
-inf inf
1
1
2
4.5085003126e-01
-1.7536309918e-02
AMTX
26
5:6:7:8:9:10
BARREL
RPHI
FLOATPT
2.0000000000e+00 3.0000000000e+00
-inf inf
1
10
12
-5.0223063047e+02
1.1602432205e+00
1.9817633702e+03
-4.7078516102e+00
-2.3566562635e+03
5.6145816313e+00
8.7685822075e+02
-2.0835761260e+00
9.7578467974e-02
3.1212776182e-03
1.8697269776e-01
6.7546373708e-02
7.7554128422e+02
-1.8473328739e+00
-7.7074458827e+02
1.8284120410e+00
-5.9411422806e+02
1.4137990920e+00
5.8938926138e+02
-1.4208653261e+00
-1.1980591730e-01
7.8140283902e-03
6.2800817674e-02
-3.0386937578e-02
-6.7315327316e+01
1.5941069086e-01
-2.6353938523e+01
6.1552138195e-02
1.9711211477e+01
-3.2697226821e-02
7.3982227977e+01
-1.7086595682e-01
-1.5313229723e-01
2.3799196223e-02
1.2038005932e-01
1.0344751581e-02
-1.1345333708e+00
-7.6747151043e-03
-1.1319023364e+00
4.1202806861e-03
-1.1277745866e+00
3.5495404212e-04
-1.1231420260e+00
-4.1444829138e-02
5.1763968381e+00
-1.4378700624e-02
-7.7127512008e-01
5.2664223899e-02
4.7419544815e-01
1.6391022353e-02
4.7482127609e-01
-1.0029826029e-01
4.7615620519e-01
1.2301147349e-01
4.7705778410e-01
-7.2974428337e-02
1.3106712364e-01
-1.1386667700e-01
-1.8955978437e+00
6.8228652584e-02
5.1569726900e-02
-9.2519077107e-01
5.4541093176e-02
3.2097921538e-01
5.4034105636e-02
9.5152089323e-02
5.4996556002e-02
4.9081536399e-01
5.3804543343e-02
-1.6065359103e-01
2.5125008866e-02
-1.2552122890e-01
-4.3567138335e-02
4.3009685811e-02
-4.3667226545e-02
-1.7725842199e-02
-4.5049198140e-02
-6.0311756555e-01
-4.2767128253e-02
3.3439004277e-01
-5.1772432137e-02
5.9310016961e-01
-1.4814737154e-01
-3.9795680317e-01
-6.0679848433e-02
3.1793284247e-01
-6.0032485247e-02
5.5012703568e-01
-6.1394194238e-02
-4.9266312653e-02
-6.1178025485e-02
-6.0853349923e-03
-6.1667369291e-02
-4.6641602079e-01
-8.6355957750e-02
-5.4879535799e-01
-1.2461061141e-01
2.5788959646e-01
-1.2600416671e-01
-3.1899840661e-01
-1.2511759069e-01
5.3909326625e-02
-1.2357692812e-01
6.9801246275e-01
-1.2213701726e-01
-3.2291068453e-01
-1.1216135114e-01
1.7819782586e-01
-5.2889543888e-02
-3.9336951326e-02
-5.1931488638e-02
3.6111461211e-01
-5.4121212984e-02
-5.7956666444e-01
-5.2870758702e-02
-7.2020925158e-02
-6.5491602185e-02
-1.8101340118e-01
-7.9868884645e-02
5.8927493362e-01
KVEC
26
5:6:7:8:9:10
BARREL
RPHI
FLOATPT
2.0000000000e+00 3.0000000000e+00
-inf inf
1
1
10
7.8530366765e+00
-3.8637987863e+00
4.2121554503e+00
1.7511415703e+00
-4.5863389673e+00
1.6247847236e+00
1.4535561969e+00
-7.7256785485e+01
3.4009689089e+01
2.4409919437e+01
CMTX
26
5:6:7:8:9:10
BARREL
RPHI
FLOATPT
2.0000000000e+00 3.0000000000e+00
-inf inf
-1
2
12
1.9322601539e+00
4.4944684755e-03
-2.3461328528e+00
-5.5595669018e-03
-3.0276632862e+00
-7.1620480281e-03
-1.9992715792e+00
-4.6783466778e-03
4.8711527329e+00
1.1782263407e-02
5.6959788869e-01
1.3452354645e-03
-1.3881490471e+00
-3.2501501943e-03
1.6467755356e+00
3.8828580555e-03
1.6692741091e+00
3.9606155361e-03
1.0647979022e+00
2.5010739667e-03
-1.7789801827e+00
-4.3085120704e-03
-2.1375793218e-01
-4.9939785521e-04
QVEC
26
5:6:7:8:9:10
BARREL
RPHI
FLOATPT
2.0000000000e+00 3.0000000000e+00
-inf inf
-1
1
2
-4.2963512843e-01
6.1845124259e-03
AMTX
26
5:6:7:8:9:10
BARREL
RPHI
FLOATPT
2.0000000000e+00 3.0000000000e+00
-inf inf
-1
10
12
-4.0001170876e+02
-9.2961424073e-01
1.6887764920e+03
3.9763937668e+00
-2.4323178145e+03
-5.7803163504e+00
1.4422883294e+03
3.4292382830e+00
-2.9567367792e+02
-7.2426269637e-01
-3.0137918810e+00
2.7859788276e-02
-5.9365850426e+02
-1.4124058138e+00
1.6584938915e+03
3.9314174789e+00
-1.6382781556e+02
-3.8888245212e-01
-2.1238478495e+03
-5.1005958153e+00
1.2638914566e+03
3.0360573182e+00
-4.1057338093e+01
-1.0263110082e-01
5.2706243619e+02
1.2336666215e+00
-4.8208303420e+02
-1.1555710428e+00
-5.0194571301e+02
-1.1883190289e+00
4.1602659337e+01
1.1104352587e-01
8.7022896440e+02
2.1112720035e+00
-4.5489615883e+02
-1.1184000631e+00
4.0011152372e+02
9.4101568968e-01
-6.4315067605e+01
-1.4375059683e-01
-2.4749389930e+02
-5.8800848615e-01
-2.7223650351e+02
-6.4361446775e-01
-2.0459594312e+02
-4.9403281976e-01
3.8854192487e+02
9.5045411721e-01
-2.6772228448e+01
-6.3585580512e-02
-1.8165979606e+01
-5.6390437699e-02
-8.1153606112e+00
-2.2953232519e-02
3.8558848367e+00
-1.5905845252e-03
1.7710761701e+01
2.9564957542e-02
3.1420774062e+01
5.7917736815e-02
2.4024397977e-03
8.6887202626e-01
3.5072771509e-03
3.8279284482e-01
4.4912289652e-03
-4.3349141123e-02
5.6105918474e-03
-5.2217286686e-01
4.4672437861e-03
-5.5150841685e-02
5.0171581757e-03
-2.9829872732e-01
2.0071252694e-02
-3.1973886637e-01
1.7882944389e-02
6.1849499468e-01
2.0996922341e-02
-6.8659749555e-01
1.9206411576e-02
8.4367695829e-02
1.8976045803e-02
1.9209919234e-01
2.0000183548e-02
-2.1939122683e-01
-4.0583697837e-02
-1.6783906110e-01
-4.1379370536e-02
1.4434077402e-01
-4.1625190066e-02
2.1389665257e-01
-4.1679342478e-02
2.0317737793e-01
-3.9635468679e-02
-6.9057616842e-01
-4.0018768783e-02
-5.6620894401e-01
1.6916412242e-02
7.9884166882e-02
1.7446696048e-02
-1.3657065507e-01
1.6538253907e-02
2.4051932396e-01
1.6405784700e-02
2.9507494570e-01
1.5650309516e-02
6.0258862758e-01
1.8590840092e-02
-6.0401704849e-01
-2.7171000302e-02
-4.7595813491e-01
-2.8436747870e-02
4.3120254137e-02
-2.9000296361e-02
2.6439989189e-01
-2.6732049551e-02
-7.0312725173e-01
-2.8830724750e-02
1.4765943500e-01
-2.8107745671e-02
-1.6831020052e-01
KVEC
26
5:6:7:8:9:10
BARREL
RPHI
FLOATPT
2.0000000000e+00 3.0000000000e+00
-inf inf
-1
1
10
1.2267284468e+00
-2.2049622088e+00
7.2689099539e-02
1.9370537315e+00
-4.4928631255e+00
-4.1454009758e+01
-2.0675307518e+01
-9.6622676701e+01
1.7767778130e+01
-4.9380890788e+01
CMTX
26
6:7:8:9:10
BARREL
RPHI
FLOATPT
2.0000000000e+00 3.0000000000e+00
-inf inf
1
2
10
-1.1068981197e+00
2.6162128334e-03
-7.3133614276e+00
1.7389463042e-02
8.4206797430e+00
-2.0170692260e-02
-5.7736811346e-04
3.2013243093e-05
3.7905460485e-04
-3.3624137886e-05
-5.1424487307e-02
1.3436024649e-04
3.7979822528e+00
-9.0305755423e-03
-2.7466783754e+00
6.5716508841e-03
2.0941582745e-04
-1.1633642706e-05
-1.5903824136e-04
1.0404068627e-06
QVEC
26
6:7:8:9:10
BARREL
RPHI
FLOATPT
2.0000000000e+00 3.0000000000e+00
-inf inf
1
1
2
4.2188381265e-01
-8.9409919164e-04
AMTX
26
6:7:8:9:10
BARREL
RPHI
FLOATPT
2.0000000000e+00 3.0000000000e+00
-inf inf
1
8
10
1.2486156563e+03
-2.9700242532e+00
-2.3013658162e+03
5.4808799040e+00
1.0525659242e+03
-2.5166024721e+00
1.7052770594e-02
6.9490168895e-03
1.8520337396e-01
4.0284608157e-02
1.0677243713e+02
-2.5265813201e-01
6.2473212662e+00
-2.8329932860e-02
-1.1300030587e+02
2.6528940944e-01
1.1737495541e-01
-2.4470758112e-02
-1.2256440587e-01
-7.4875701727e-03
-1.5302425120e+00
6.2481131668e-03
-1.5273912475e+00
-2.8512917449e-03
-1.5242946202e+00
-3.9279986010e-02
5.1667462378e+00
-1.2461006211e-02
-7.3118726330e-01
5.1117186556e-02
-6.1474323729e-01
9.7633523924e-02
-6.1622390757e-01
-1.2606895855e-01
-6.1730274616e-01
7.5523580551e-02
-2.7684260085e-01
1.1109344230e-01
1.8949934087e+00
-6.8872455750e-02
-9.0016192726e-02
1.4573427480e-01
-9.1634989246e-02
-5.4571726553e-01
-8.9067765600e-02
5.0067788284e-01
-1.0028334398e-01
3.9015958068e-01
-2.0661980088e-01
-4.7639437355e-01
-5.4291835586e-02
5.3708533315e-01
-5.4887380169e-02
2.6630959224e-01
-5.4667949564e-02
3.2675980139e-01
-5.3123015969e-02
-6.6437060313e-01
-5.5066687302e-02
-2.7535175895e-01
-1.3340455543e-01
-3.9440530721e-01
-1.3235881357e-01
5.5412886429e-02
-1.3104840326e-01
6.2285197014e-01
-1.3475993722e-01
-1.4682348288e-01
-1.2248149549e-01
5.0688300868e-01
9.6797832836e-02
-3.3563652624e-01
9.8993355673e-02
6.1145730134e-01
9.8121228240e-02
2.7015946530e-01
1.1288555674e-01
2.4934302940e-01
1.2827776258e-01
-4.5004613008e-01
KVEC
26
6:7:8:9:10
BARREL
RPHI
FLOATPT
2.0000000000e+00 3.0000000000e+00
-inf inf
1
1
8
4.7403024865e+00
-3.8374463199e+00
1.8434655172e+00
4.3296544204e+00
-6.2654319851e+00
-3.4037920462e+01
7.1522433143e+01
1.2192753991e+01
CMTX
26
6:7:8:9:10
BARREL
RPHI
FLOATPT
2.0000000000e+00 3.0000000000e+00
-inf inf
-1
2
10
1.5942522339e+00
3.7685759643e-03
-4.4649042035e+00
-1.0580746784e-02
-3.2094585565e+00
-7.6412149054e-03
5.3893309756e+00
1.2993945875e-02
6.9077425455e-01
1.6695273765e-03
-1.1840424587e+00
-2.8172387980e-03
2.7013600474e+00
6.4161663674e-03
1.9351350712e+00
4.6288470289e-03
-2.1517821781e+00
-5.1805623671e-03
-3.0074649593e-01
-7.3343570161e-04
QVEC
26
6:7:8:9:10
BARREL
RPHI
FLOATPT
2.0000000000e+00 3.0000000000e+00
-inf inf
-1
1
2
-4.2658891471e-01
3.7929344662e-03
AMTX
26
6:7:8:9:10
BARREL
RPHI
FLOATPT
2.0000000000e+00 3.0000000000e+00
-inf inf
-1
8
10
6.0748164096e+02
1.4152868664e+00
-2.0688603459e+03
-4.9169431974e+00
2.2883815840e+03
5.4694995859e+00
-8.3144580832e+02
-2.0078526537e+00
4.4855422990e+00
4.3233461877e-02
-1.1749373605e+03
-2.7734045336e+00
1.2038132153e+03
2.8572346648e+00
9.7150092739e+02
2.3334783906e+00
-1.1790396126e+03
-2.8408073374e+00
1.7866614432e+02
4.3216877829e-01
-3.6541259949e+02
-8.7970623400e-01
2.5762564152e+01
6.3524622312e-02
3.3108772082e+02
7.9316287574e-01
5.7709599080e+02
1.3998251431e+00
-5.6856388481e+02
-1.3955599328e+00
3.6311147720e+01
9.9075125812e-02
2.0849358073e+01
5.2907455150e-02
2.3599820130e+00
1.5992750753e-02
-1.9071104601e+01
-3.2908110952e-02
-4.0375270971e+01
-7.9650527426e-02
1.5672528334e-02
7.3719752834e-01
1.8720242312e-02
-5.5109342441e-01
1.8094847576e-02
-2.8038305404e-01
1.7246543871e-02
7.1963200007e-02
1.8362125558e-02
-3.9123002407e-01
-8.6433882009e-02
6.4658050736e-02
-8.7465304378e-02
4.5548364432e-01
-8.5794681078e-02
-2.9287725888e-01
-8.5059788532e-02
-6.5521662115e-01
-8.5675985606e-02
-4.4977780630e-01
8.9570895340e-03
2.0064815952e-02
9.1653835861e-03
-7.3750463729e-02
7.0201229596e-03
8.2452938059e-01
9.2347051673e-03
-1.0361546595e-01
1.0120237346e-02
-4.6627647294e-01
-1.7109622243e-02
1.3929658244e-01
-1.5900031608e-02
-3.6258535797e-01
-1.7173682312e-02
1.7629667925e-01
-1.5130201811e-02
-6.6382344518e-01
-1.8005396359e-02
5.2101809655e-01
KVEC
26
6:7:8:9:10
BARREL
RPHI
FLOATPT
2.0000000000e+00 3.0000000000e+00
-inf inf
-1
1
8
2.0906352920e+00
7.3199144860e-02
-1.5792725720e+00
4.4185870996e+00
-5.6459691665e+01
-1.0197709602e+02
-5.9979638710e+00
-4.1348513784e+00
CMTX
26
5:7:8:9:10
BARREL
RPHI
FLOATPT
2.0000000000e+00 3.0000000000e+00
-inf inf
1
2
10
7.1600156257e-01
-1.9260507816e-03
-1.1164944889e+01
2.6562687862e-02
1.0449205879e+01
-2.5001136638e-02
-6.3132254780e-04
3.6139178731e-05
6.8551907362e-04
-8.5919070543e-06
-6.6849204786e-01
1.6793649267e-03
5.4093545779e+00
-1.2866880794e-02
-3.7409756686e+00
8.9470642476e-03
2.8804134381e-04
-1.4789376664e-05
-2.8931706365e-04
1.0729916706e-05
QVEC
26
5:7:8:9:10
BARREL
RPHI
FLOATPT
2.0000000000e+00 3.0000000000e+00
-inf inf
1
1
2
4.2230021645e-01
-3.4109330004e-03
AMTX
26
5:7:8:9:10
BARREL
RPHI
FLOATPT
2.0000000000e+00 3.0000000000e+00
-inf inf
1
8
10
5.3980041708e+02
-1.2991140024e+00
-1.4078838462e+03
3.3527500417e+00
8.6805107792e+02
-2.0814683740e+00
-7.5524596703e-02
8.5836924167e-03
1.2810689025e-01
-3.8260505933e-03
8.3059849221e+01
-1.9664661783e-01
-1.1979715874e+01
1.4520754722e-02
-7.1080756948e+01
1.6361443110e-01
1.3250659048e-01
-2.3705143791e-02
-1.2060607624e-01
-1.1351234653e-02
1.5320954418e+00
4.6469527033e-03
1.5262903288e+00
2.5136185295e-03
1.5222682108e+00
3.8117146971e-02
-5.1668606028e+00
1.2438755929e-02
7.3063587881e-01
-5.1330053727e-02
-6.1259932400e-01
5.7584688049e-03
-6.1480794813e-01
-1.2441604546e-01
-6.1584716899e-01
7.1824943108e-02
-2.7620272281e-01
1.1780947536e-01
1.8890386669e+00
-6.2400905513e-02
7.8877383445e-02
-9.5546965658e-01
8.1441730648e-02
1.2421981507e-01
8.2320738977e-02
4.9865808040e-01
8.7471440498e-02
-9.9561211073e-02
8.7567645432e-02
-7.5312643315e-02
-8.3879749696e-02
4.9812288506e-02
-8.5370155428e-02
-6.0363122374e-01
-8.2962923283e-02
3.8260465994e-01
-9.4485541725e-02
5.2889969429e-01
-1.9658894590e-01
-4.0264385570e-01
1.8931420574e-01
-2.4720701345e-01
1.8961864392e-01
-8.1048640081e-02
1.8867632140e-01
-4.4398435103e-01
1.9045240883e-01
6.4749459757e-01
1.9303758120e-01
2.6210299795e-01
-1.1058838474e-01
-2.3375251812e-02
-1.1134081785e-01
-3.1605233305e-01
-1.1002282160e-01
2.4701443579e-01
-1.2255832840e-01
-3.8302722602e-02
-1.2670517705e-01
8.1526938552e-01
KVEC
26
5:7:8:9:10
BARREL
RPHI
FLOATPT
2.0000000000e+00 3.0000000000e+00
-inf inf
1
1
8
-6.4341120724e-01
-4.3579472955e+00
-1.6872565204e+00
2.1179775492e+00
2.5776673267e+00
-1.0380510494e+00
4.7465395020e+01
8.3532715959e+01
CMTX
26
5:7:8:9:10
BARREL
RPHI
FLOATPT
2.0000000000e+00 3.0000000000e+00
-inf inf
-1
2
10
1.1529626712e+00
2.6606670397e-03
-4.6828633968e+00
-1.1098121277e-02
-2.4376654804e+00
-5.7580329267e-03
5.3493635085e+00
1.2917508977e-02
6.1818007326e-01
1.4863682713e-03
-8.4126327318e-01
-1.9617518973e-03
2.8319569734e+00
6.7227103098e-03
1.3714786771e+00
3.2549388180e-03
-2.1145824554e+00
-5.1053648054e-03
-2.4765421065e-01
-5.9988521100e-04
QVEC
26
5:7:8:9:10
BARREL
RPHI
FLOATPT
2.0000000000e+00 3.0000000000e+00
-inf inf
-1
1
2
-4.2915400469e-01
5.5868150418e-03
AMTX
26
5:7:8:9:10
BARREL
RPHI
FLOATPT
2.0000000000e+00 3.0000000000e+00
-inf inf
-1
8
10
1.5272061300e+02
3.7987795217e-01
-1.6068528360e+03
-3.8215707791e+00
2.5228100447e+03
6.0332187363e+00
-1.0867524972e+03
-2.6201063760e+00
1.8111414305e+01
6.8633623402e-02
-3.8332015288e+02
-8.9581836258e-01
8.3240515140e+02
1.9759260827e+00
1.1656521679e+02
2.7442638542e-01
-1.0066991876e+03
-2.4366029469e+00
4.4107479890e+02
1.0820136798e+00
-3.6781520229e+02
-8.6446800544e-01
2.6574996535e+02
6.3030175527e-01
2.8779456912e+02
6.8116486117e-01
2.1676230383e+02
5.2409723139e-01
-4.0250516277e+02
-9.8602783628e-01
-3.6327983997e+01
-8.5076057635e-02
-1.4020432612e+01
-3.8772461841e-02
2.7345973842e-01
-1.1494541495e-02
1.6813145099e+01
2.6994760348e-02
3.3190150118e+01
6.1099324997e-02
-2.8256221236e-03
-9.3370190016e-01
-4.5447347602e-03
-1.6280738718e-01
-6.1215328359e-03
5.2105978600e-01
-5.0090860806e-03
7.6888971468e-02
-5.2821141517e-03
2.1283323259e-01
-9.6531668614e-02
-1.2602382856e-01
-9.8169052068e-02
5.0664282080e-01
-9.7382844096e-02
1.4103069666e-01
-9.5354605425e-02
-7.4476921653e-01
-9.6633070731e-02
-2.5234542637e-01
-3.2938394633e-02
-5.9935392793e-03
-3.3063080097e-02
7.1662703714e-02
-3.2144023355e-02
-2.9933838657e-01
-3.2139612038e-02
-2.7594685161e-01
-3.4862562220e-02
8.5736733107e-01
-5.9088787401e-02
-1.1039398534e-01
-6.1048168694e-02
7.4031140101e-01
-5.9075159772e-02
-7.4490353517e-02
-6.0480292593e-02
5.2387007318e-01
-5.9335284935e-02
6.8432827919e-02
KVEC
26
5:7:8:9:10
BARREL
RPHI
FLOATPT
2.0000000000e+00 3.0000000000e+00
-inf inf
-1
1
8
2.6887019831e+00
-1.1952859383e-01
-1.7836958337e+00
-4.3418918583e+00
3.5787249816e+01
-6.1670662734e+01
5.0655557200e+01
8.3006111487e+01
CMTX
26
5:6:8:9:10
BARREL
RPHI
FLOATPT
2.0000000000e+00 3.0000000000e+00
-inf inf
1
2
10
3.7432506957e+00
-8.9601764669e-03
-1.0307402791e+01
2.4480348214e-02
6.5657815273e+00
-1.5788552266e-02
-1.2010195819e-03
2.4323729664e-05
-1.8876429711e-04
-3.6075039253e-04
-2.1413872039e+00
5.1013891309e-03
5.0026355108e+00
-1.1873703384e-02
-1.8620266554e+00
4.4901773347e-03
5.6492323629e-04
-9.2692294292e-06
1.3580129933e-04
1.8114818785e-04
QVEC
26
5:6:8:9:10
BARREL
RPHI
FLOATPT
2.0000000000e+00 3.0000000000e+00
-inf inf
1
1
2
4.6191908774e-01
-2.2725572179e-02
AMTX
26
5:6:8:9:10
BARREL
RPHI
FLOATPT
2.0000000000e+00 3.0000000000e+00
-inf inf
1
8
10
8.7524037381e+02
-2.0760248006e+00
-1.2316926021e+03
2.9234965387e+00
3.5658483742e+02
-8.6712040324e-01
-1.3693952348e-01
6.4897021778e-03
1.4042057263e-02
-4.5980340904e-02
-6.3679161602e+01
1.5082830172e-01
-2.0787065726e+01
4.8517290817e-02
8.4499597471e+01
-1.9581523593e-01
-1.6747871093e-01
2.5241085519e-02
1.2462139947e-01
9.9269953680e-03
1.5313528463e+00
5.1426962468e-03
1.5284147291e+00
-6.8168393478e-03
1.5187934726e+00
3.8055579952e-02
-5.1661571232e+00
1.3077235139e-02
7.3062283488e-01
-5.1375647251e-02
6.0580567962e-01
1.1931241435e-02
6.0653029424e-01
-9.6649073733e-02
6.0894961520e-01
-7.5440172260e-02
2.6912748196e-01
-9.6860821625e-02
-1.8922631599e+00
6.4191198124e-02
7.0900970011e-02
-9.2889900432e-01
7.3895604720e-02
3.2400971952e-01
7.4358322960e-02
4.9062053616e-01
7.3787186529e-02
-1.2397387068e-01
4.0513785501e-02
-1.3780046484e-01
1.1942125614e-01
-2.8327282858e-01
1.1881570252e-01
-5.0334416484e-01
1.1976231399e-01
-2.9083996300e-02
1.2342582746e-01
6.7145450043e-01
1.3376088593e-01
3.1357076944e-01
7.8552345871e-02
-2.2690221952e-01
7.9195735801e-02
5.2730775069e-02
7.7995185545e-02
-4.5817988889e-01
7.9099236572e-02
-4.6645559475e-01
1.4703453725e-01
6.5242924756e-01
1.7713168657e-01
-9.8106715557e-02
1.7825281165e-01
3.5476991325e-01
1.7599309095e-01
-6.0338454501e-01
1.8161331250e-01
2.4110005645e-01
1.7437758196e-01
-4.3947555379e-01
KVEC
26
5:6:8:9:10
BARREL
RPHI
FLOATPT
2.0000000000e+00 3.0000000000e+00
-inf inf
1
1
8
-5.6194729707e+00
3.5885911512e+00
-2.0564385942e+00
-9.7547672096e+00
-1.1764944683e+00
6.8095371279e+01
-4.6025338969e+00
-5.4943321917e+01
CMTX
26
5:6:8:9:10
BARREL
RPHI
FLOATPT
2.0000000000e+00 3.0000000000e+00
-inf inf
-1
2
10
2.2742432364e+00
5.2872912859e-03
-4.3404921474e+00
-1.0248845740e-02
-3.5060419721e+00
-8.2599119192e-03
4.9318739895e+00
1.1941214733e-02
6.4031418214e-01
1.4786267514e-03
-1.5767315110e+00
-3.6877403768e-03
2.7463859754e+00
6.4700624203e-03
1.8955682638e+00
4.4759105698e-03
-1.8125166470e+00
-4.3958049024e-03
-2.5271918330e-01
-5.7277784924e-04
QVEC
26
5:6:8:9:10
BARREL
RPHI
FLOATPT
2.0000000000e+00 3.0000000000e+00
-inf inf
-1
1
2
-4.2683165467e-01
5.1238564536e-03
AMTX
26
5:6:8:9:10
BARREL
RPHI
FLOATPT
2.0000000000e+00 3.0000000000e+00
-inf inf
-1
8
10
5.6265308879e+02
1.3402429765e+00
-1.5379443907e+03
-3.6475175308e+00
2.2173220451e+03
5.3226742428e+00
-1.2837771794e+03
-3.0848657057e+00
4.1755881533e+01
1.0674914645e-01
6.5333352624e+02
1.5286007111e+00
-8.6135471094e+02
-2.0469643738e+00
-2.5784664352e+02
-5.9994860169e-01
8.6005973685e+02
2.0890145584e+00
-3.9423034744e+02
-9.7724592960e-01
-3.5621193216e+02
-8.3787038270e-01
1.3003650363e+02
2.9610027832e-01
3.6621469724e+02
8.6850023176e-01
3.0610728353e+02
7.3974560245e-01
-4.4615852760e+02
-1.0895396221e+00
2.9357763203e+01
6.9575683922e-02
2.0447798075e+01
6.2252897524e-02
-2.3157346286e+00
5.3373590388e-03
-1.6630437672e+01
-2.6755108144e-02
-3.0790341071e+01
-5.6283852167e-02
-2.5473587214e-03
-8.7683408784e-01
-3.7164965647e-03
-3.6339363205e-01
-5.7777640397e-03
5.2420675330e-01
-4.6437262519e-03
6.1238481143e-02
-5.1750040087e-03
2.9669221693e-01
-4.5584797540e-02
-3.4277637674e-01
-4.7588280921e-02
4.9305930133e-01
-4.6972418824e-02
1.8982090929e-01
-4.5913622502e-02
-2.8185677874e-01
-4.4974602817e-02
-6.8973381597e-01
-5.8465816906e-02
5.6951010214e-02
-5.8073061576e-02
-1.3539549233e-01
-5.8417238618e-02
-3.8661126560e-02
-5.6403031983e-02
-9.0368109720e-01
-5.9282931885e-02
2.5302388177e-01
-4.8186333478e-02
-4.3979346666e-01
-5.0122235815e-02
3.7593330089e-01
-4.7646662964e-02
-6.5498556029e-01
-4.9318896760e-02
4.5156965280e-02
-4.9952942102e-02
3.0501820076e-01
KVEC
26
5:6:8:9:10
BARREL
RPHI
FLOATPT
2.0000000000e+00 3.0000000000e+00
-inf inf
-1
1
8
2.2993579144e+00
-1.1492006694e-01
-1.8270542240e+00
4.3642375712e+00
4.0282572160e+01
-7.7044625715e+01
-5.9450582601e+01
-5.0411161530e+00
CMTX
26
5:6:7:9:10
BARREL
RPHI
FLOATPT
2.0000000000e+00 3.0000000000e+00
-inf inf
1
2
10
3.0843473463e+00
-7.2354597346e-03
-1.6659441472e+01
3.9586509830e-02
1.3577621006e+01
-3.2389148738e-02
-1.0834416151e-03
-3.0493797720e-05
-1.3801329957e-03
-5.7394006427e-04
-1.8392076753e+00
4.3416683718e-03
6.5795349646e+00
-1.5625351892e-02
-3.7413262365e+00
8.9355793998e-03
5.0815595552e-04
6.4464769110e-06
4.6718034972e-04
2.3470847261e-04
QVEC
26
5:6:7:9:10
BARREL
RPHI
FLOATPT
2.0000000000e+00 3.0000000000e+00
-inf inf
1
1
2
4.8145156547e-01
-2.7215474458e-02
AMTX
26
5:6:7:9:10
BARREL
RPHI
FLOATPT
2.0000000000e+00 3.0000000000e+00
-inf inf
1
8
10
9.1777341227e+02
-2.1687844761e+00
-1.7484836538e+03
4.1521468083e+00
8.3092485758e+02
-1.9802851605e+00
-1.7199859558e-01
6.3047420237e-03
-4.3531309798e-02
-6.3187276213e-02
1.2462108645e+02
-2.9767613937e-01
4.1700926138e+00
-8.4798298168e-03
-1.2887156365e+02
2.9188849989e-01
1.9206398205e-01
-2.2695715746e-02
-1.0963509172e-01
-1.1501494300e-02
1.5328336245e+00
1.2254248500e-02
1.5290058858e+00
-8.7569788267e-03
1.5234325764e+00
3.0553494572e-03
-5.1579430669e+00
1.1838486828e-02
7.2338327341e-01
-4.9047120421e-02
6.1086437522e-01
-9.3439857280e-03
6.1154860556e-01
-9.4598395196e-02
6.1285594963e-01
1.2479921181e-01
2.7726537352e-01
-1.1075510418e-01
-1.8960376183e+00
6.4482994176e-02
1.2957657979e-01
-9.3203237007e-01
1.3261352445e-01
3.4513915128e-01
1.3231802273e-01
2.1261253073e-01
1.3667185760e-01
-2.3460600589e-01
1.6079735215e-01
-4.5573894116e-02
-2.2975383331e-02
2.2443420876e-01
-2.3849560085e-02
-1.2055021514e-01
-2.2172935466e-02
5.9136816328e-01
-1.5072756884e-02
-6.1718124894e-01
7.0274299672e-02
4.3679256033e-01
-1.0431457309e-01
2.4845242052e-01
-1.0346169618e-01
5.6455513069e-01
-1.0497412496e-01
-1.0192094024e-01
-1.0925150342e-01
-4.8496501127e-01
-1.4222154980e-01
-5.1646131787e-01
1.0786161013e-01
1.1428306022e-01
1.0704372280e-01
-2.2865928393e-01
1.0889723138e-01
5.7048646694e-01
1.2269210365e-01
1.9481667638e-01
1.3834984020e-01
-6.1990922971e-01
KVEC
26
5:6:7:9:10
BARREL
RPHI
FLOATPT
2.0000000000e+00 3.0000000000e+00
-inf inf
1
1
8
-6.3407008719e+00
-3.9279462941e+00
-4.3171166725e+00
1.2580295231e-01
-2.2351581525e+01
2.3196269505e+01
-7.9101800302e+01
-2.4955387932e+01
CMTX
26
5:6:7:9:10
BARREL
RPHI
FLOATPT
2.0000000000e+00 3.0000000000e+00
-inf inf
-1
2
10
2.1079662294e+00
4.9407304012e-03
-2.6645302830e+00
-6.3187259603e-03
-3.9672889854e+00
-9.3943248043e-03
3.9665439830e+00
9.6030158643e-03
5.5727466374e-01
1.3296235641e-03
-1.4820153906e+00
-3.4869258457e-03
1.8170767952e+00
4.2896076443e-03
2.1691970629e+00
5.1483705949e-03
-1.2971321385e+00
-3.1477726385e-03
-2.0717802367e-01
-4.9121879353e-04
QVEC
26
5:6:7:9:10
BARREL
RPHI
FLOATPT
2.0000000000e+00 3.0000000000e+00
-inf inf
-1
1
2
-4.2453909420e-01
4.0727073487e-03
AMTX
26
5:6:7:9:10
BARREL
RPHI
FLOATPT
2.0000000000e+00 3.0000000000e+00
-inf inf
-1
8
10
6.6070202066e+02
1.5584901445e+00
-2.3272538177e+03
-5.4924512912e+00
2.1062110814e+03
5.0053432793e+00
-4.6104214053e+02
-1.0960059232e+00
2.1346345827e+01
2.3727292546e-02
5.1628557448e+02
1.2098678222e+00
-4.6991718576e+02
-1.1257525229e+00
-4.8074074728e+02
-1.1378217624e+00
8.9441926462e+02
2.1694621957e+00
-4.6007847661e+02
-1.1316315161e+00
4.3929182826e+02
1.0365724754e+00
-1.3646031985e+02
-3.1569537796e-01
-3.6321493045e+02
-8.6289909612e-01
-3.2318212402e+02
-7.7933557162e-01
3.8357982054e+02
9.4013399639e-01
2.6188000376e+01
6.4030194697e-02
1.7523333768e+01
5.5655718607e-02
7.4014072235e+00
2.1384051062e-02
-1.8614882611e+01
-3.1817717184e-02
-3.2432959316e+01
-6.0583102992e-02
-1.1712650663e-02
-8.6846250985e-01
-1.2700662706e-02
-4.4861511890e-01
-1.4048978931e-02
1.2310317586e-01
-1.3915834853e-02
6.0033568928e-02
-1.4785590120e-02
4.2020796332e-01
3.2178187160e-02
-4.3814001902e-01
2.9843931375e-02
5.6211627594e-01
3.2824824430e-02
-6.8461709312e-01
3.0742381869e-02
2.2201949649e-01
3.1629156168e-02
-1.3153453358e-01
-8.5317861049e-02
-3.2299594865e-01
-8.6570501515e-02
1.7559834455e-01
-8.6664181830e-02
1.7626364422e-01
-8.4684867955e-02
-7.3838462089e-01
-8.5509894843e-02
-4.3993376068e-01
3.5991390577e-03
-1.8410993845e-01
3.4319641850e-03
-1.1641508756e-01
2.3465101356e-03
3.2489647242e-01
1.7649079823e-03
5.3093156748e-01
4.6744881876e-03
-6.7532101197e-01
KVEC
26
5:6:7:9:10
BARREL
RPHI
FLOATPT
2.0000000000e+00 3.0000000000e+00
-inf inf
-1
1
8
-1.6204773346e+00
-7.1839054411e-01
1.6578348772e+00
3.7968396464e+00
2.0963488138e+01
-1.8850704964e+01
-1.0580862045e+02
-1.7623392897e+01
CMTX
26
5:6:7:8:10
BARREL
RPHI
FLOATPT
2.0000000000e+00 3.0000000000e+00
-inf inf
1
2
10
3.1692041847e+00
-7.6640078201e-03
-6.9760639332e+00
1.6567769518e-02
-4.6615810093e+00
1.1071758242e-02
8.4686950501e+00
-2.0329525608e-02
2.1456977937e-05
-2.3893219881e-04
-1.8663200863e+00
4.4801247569e-03
3.4060824296e+00
-8.0815289593e-03
2.2341993908e+00
-5.3036119529e-03
-2.7740887369e+00
6.6664973817e-03
3.2579832161e-05
1.2301564824e-04
QVEC
26
5:6:7:8:10
BARREL
RPHI
FLOATPT
2.0000000000e+00 3.0000000000e+00
-inf inf
1
1
2
4.5318201278e-01
-1.8487898883e-02
AMTX
26
5:6:7:8:10
BARREL
RPHI
FLOATPT
2.0000000000e+00 3.0000000000e+00
-inf inf
1
8
10
-5.0176504860e+02
1.1593573864e+00
1.9810272988e+03
-4.7059317589e+00
-2.3564905094e+03
5.6144007742e+00
8.7704570407e+02
-2.0831466695e+00
2.0130644422e-01
6.6614319947e-02
-7.7539033940e+02
1.8476758397e+00
7.7069604916e+02
-1.8286673423e+00
5.9376954036e+02
-1.4138080405e+00
-5.8904711286e+02
1.4212403678e+00
-4.2906656304e-02
2.8994045252e-02
6.7293923522e+01
-1.5793500491e-01
2.6371237063e+01
-6.2756062480e-02
-1.9663679009e+01
3.0214825121e-02
-7.3899886679e+01
1.7232088850e-01
-9.2396011046e-02
-1.2461175320e-02
5.0697513026e-01
2.0542111636e-02
5.0751971230e-01
-1.0823920856e-01
5.0878095256e-01
1.1206722206e-01
5.0962807487e-01
-7.2244837927e-02
-1.8615964531e+00
6.3814520721e-02
8.6159576147e-02
-9.3519805840e-01
8.9087670453e-02
2.9721998371e-01
8.8552885956e-02
6.6278457773e-02
8.9567938594e-02
4.9167802239e-01
4.9043590550e-02
-1.3821524580e-01
1.7363516341e-01
-2.3234592770e-01
1.7356044000e-01
-2.2504854717e-01
1.7534760473e-01
5.5236128946e-01
1.7297356775e-01
-3.9265506546e-01
2.6586331910e-01
4.9511227464e-01
1.2385341191e-01
6.1902564564e-02
1.2495967620e-01
5.0324423936e-01
1.2423397992e-01
1.9238186703e-01
1.2268236110e-01
-4.7313755591e-01
1.1719325738e-01
-5.6908839371e-01
5.6286528847e-03
-1.7257734756e-01
7.0279699204e-03
4.0971380623e-01
4.7279494157e-03
-5.7544708342e-01
5.2480347130e-03
-3.7134977330e-01
-2.4088733042e-02
4.5771551832e-01
KVEC
26
5:6:7:8:10
BARREL
RPHI
FLOATPT
2.0000000000e+00 3.0000000000e+00
-inf inf
1
1
8
7.5404446287e+00
4.4268400083e+00
-2.3749942517e+00
4.3794914525e+00
1.2215232868e+01
4.3190278280e+01
-6.3242363652e+01
5.4542878888e+00
CMTX
26
5:6:7:8:10
BARREL
RPHI
FLOATPT
2.0000000000e+00 3.0000000000e+00
-inf inf
-1
2
10
2.4329338025e+00
5.7292684197e-03
-4.6779644765e+00
-1.1076562676e-02
-3.2752453394e+00
-7.7575804402e-03
3.9195057792e+00
9.5013055051e-03
1.6008119326e+00
3.9034825297e-03
-1.5708889292e+00
-3.7009348675e-03
2.4981120146e+00
5.8970338237e-03
1.7598324673e+00
4.1782179446e-03
-1.0967296106e+00
-2.6772770742e-03
-5.9040114126e-01
-1.4337096009e-03
QVEC
26
5:6:7:8:10
BARREL
RPHI
FLOATPT
2.0000000000e+00 3.0000000000e+00
-inf inf
-1
1
2
-4.3339338734e-01
7.0704105766e-03
AMTX
26
5:6:7:8:10
BARREL
RPHI
FLOATPT
2.0000000000e+00 3.0000000000e+00
-inf inf
-1
8
10
5.0257906788e+02
1.1748354497e+00
-1.9838398851e+03
-4.6759254093e+00
2.4242220967e+03
5.7613870350e+00
-9.6932932521e+02
-2.2944832440e+00
2.6322464025e+01
3.0408387553e-02
-6.7143520684e+02
-1.5846694321e+00
1.1492880321e+03
2.7384553030e+00
5.1850183772e+02
1.2281867890e+00
-1.3927710225e+03
-3.3491299078e+00
3.9643655060e+02
9.7013332532e-01
-4.6924620609e+02
-1.1019360099e+00
1.0193447628e+02
2.3504898786e-01
3.2186524068e+02
7.6383716260e-01
3.4491380546e+02
8.1603180115e-01
-2.9947326420e+02
-7.3138819139e-01
-2.7469587993e+01
-6.5233193031e-02
-1.7297378425e+01
-5.4235555347e-02
-5.4174408460e+00
-1.7267266586e-02
8.7339624059e+00
1.0154661657e-02
4.1391250435e+01
8.2583833707e-02
-6.8850242026e-03
-8.6827104055e-01
-7.9870931681e-03
-3.8552493881e-01
-9.0061427545e-03
5.3436159150e-02
-1.0108316879e-02
5.2257048675e-01
-9.5250592376e-03
2.9705442770e-01
-2.1257203081e-02
3.4605919807e-01
-1.8958935232e-02
-6.3350814633e-01
-2.2063255650e-02
6.7244385223e-01
-2.0250279597e-02
-1.0209857378e-01
-2.1112947928e-02
2.4493352822e-01
-3.7679462338e-02
-6.8501611262e-02
-3.7856675286e-02
-5.4968128244e-03
-3.8817269589e-02
3.7036963776e-01
-3.8729101065e-02
3.0824029159e-01
-3.6131507794e-02
-8.2177720488e-01
-8.3472986406e-02
-4.8189148539e-01
-8.4906428126e-02
1.0339832892e-01
-8.5322527232e-02
2.5788400136e-01
-8.3073903225e-02
-7.0665729439e-01
-8.4681252583e-02
-8.9948157639e-02
KVEC
26
5:6:7:8:10
BARREL
RPHI
FLOATPT
2.0000000000e+00 3.0000000000e+00
-inf inf
-1
1
8
-1.8788010792e+00
2.6968700793e-01
-1.7453420885e+00
-3.2937153772e+00
3.6855684534e+01
3.8602618974e+01
-5.0868831049e+01
-5.3057077705e+01
CMTX
26
5:6:7:8:9
BARREL
RPHI
FLOATPT
2.0000000000e+00 3.0000000000e+00
-inf inf
1
2
10
3.1613058998e+00
-7.6346548952e-03
-6.9575045809e+00
1.6502501837e-02
-4.6752425577e+00
1.1113769493e-02
8.4725454017e+00
-2.0345321495e-02
-8.4459979912e-04
2.3778721310e-05
-1.8613125444e+00
4.4638184414e-03
3.3920889217e+00
-8.0392802116e-03
2.2472592840e+00
-5.3382297964e-03
-2.7785628316e+00
6.6797587951e-03
4.3488392289e-04
-1.1075599167e-05
QVEC
26
5:6:7:8:9
BARREL
RPHI
FLOATPT
2.0000000000e+00 3.0000000000e+00
-inf inf
1
1
2
4.2603362964e-01
-4.5607507991e-03
AMTX
26
5:6:7:8:9
BARREL
RPHI
FLOATPT
2.0000000000e+00 3.0000000000e+00
-inf inf
1
8
10
-4.9878415419e+02
1.1537690136e+00
1.9687362617e+03
-4.6795274076e+00
-2.3402694753e+03
5.5797647355e+00
8.7004874567e+02
-2.0685988631e+00
2.6298644593e-01
-3.8195364711e-03
7.7488608681e+02
-1.8445787598e+00
-7.6982761741e+02
1.8225645996e+00
-5.9384585045e+02
1.4161458369e+00
5.8885086577e+02
-1.4226066315e+00
-5.5216885137e-02
4.4722895918e-03
-6.7194942077e+01
1.6052176053e-01
-2.6301745841e+01
5.7978823015e-02
1.9654072601e+01
-2.8818093555e-02
7.3859257404e+01
-1.7300195342e-01
-4.0100767464e-02
1.8725959972e-02
1.2051285136e+00
1.9083331805e-02
1.2048667356e+00
-3.6079641132e-02
1.2034575191e+00
3.1555176466e-02
1.2026677578e+00
2.0130029641e-02
-4.7754327874e+00
-2.2839571953e-02
7.2439630865e-02
-9.3770552495e-01
7.5377237399e-02
2.9900356541e-01
7.5011768408e-02
1.3292977078e-01
7.5809989041e-02
4.6278365908e-01
7.2991398317e-02
-1.8263195577e-01
-1.4418122771e-01
-3.4002933295e-02
-1.4415354837e-01
-1.4695925236e-02
-1.4568572836e-01
-6.5186709894e-01
-1.4305726944e-01
4.5572810116e-01
-1.5046789981e-01
5.3481916906e-01
-1.8346225869e-01
2.8849117368e-01
-1.8288609641e-01
5.1731592575e-01
-1.8445837840e-01
-1.6285628642e-01
-1.8350524771e-01
2.0994617398e-01
-1.8524269773e-01
-5.9504286362e-01
-8.7448984209e-02
1.6221484545e-01
-8.9210798963e-02
-5.6065363425e-01
-8.7035840157e-02
3.6933013593e-01
-8.6560771397e-02
5.8619806471e-01
-7.7698356155e-02
-1.7078483017e-01
KVEC
26
5:6:7:8:9
BARREL
RPHI
FLOATPT
2.0000000000e+00 3.0000000000e+00
-inf inf
1
1
8
-2.2384958145e-02
-1.0581895397e+00
2.5492264242e+00
-2.8394769869e-01
1.2291795170e+01
4.2610885131e+01
-2.3456658787e+01
2.6459656401e+01
CMTX
26
5:6:7:8:9
BARREL
RPHI
FLOATPT
2.0000000000e+00 3.0000000000e+00
-inf inf
-1
2
10
2.0255251142e+00
4.7050378341e-03
-2.5333666245e+00
-6.0224492956e-03
-3.2628281432e+00
-7.7179089936e-03
-1.9303103747e+00
-4.5096614493e-03
5.7008959189e+00
1.3793157354e-02
-1.4230621481e+00
-3.3285903297e-03
1.7166998251e+00
4.0562966847e-03
1.7580124361e+00
4.1704160631e-03
1.0385944346e+00
2.4368914837e-03
-2.0902739926e+00
-5.0630038796e-03
QVEC
26
5:6:7:8:9
BARREL
RPHI
FLOATPT
2.0000000000e+00 3.0000000000e+00
-inf inf
-1
1
2
-4.3394009918e-01
8.3694511645e-03
AMTX
26
5:6:7:8:9
BARREL
RPHI
FLOATPT
2.0000000000e+00 3.0000000000e+00
-inf inf
-1
8
10
3.9973805304e+02
9.2647324524e-01
-1.6869895171e+03
-3.9756890832e+00
2.4292916746e+03
5.7728658640e+00
-1.4432108913e+03
-3.4307612632e+00
3.0112282877e+02
7.3787598192e-01
-6.0570237223e+02
-1.4404879512e+00
1.6804127599e+03
3.9841790263e+00
-1.4841454139e+02
-3.5252686633e-01
-2.1305744006e+03
-5.1169862975e+00
1.2042745138e+03
2.8915621174e+00
6.4241376834e+02
1.5066417711e+00
-3.5387960175e+02
-8.4142849708e-01
-5.1600302223e+02
-1.2233612258e+00
-1.8989552522e+02
-4.4134892190e-01
4.1735197480e+02
1.0138040375e+00
4.0021273698e+01
9.6093040414e-02
2.3101046625e+01
7.0743828754e-02
3.4784360027e+00
1.2245204617e-02
-1.9813130924e+01
-3.6777228320e-02
-4.6729752102e+01
-1.0028084043e-01
-5.9948999430e-03
-9.0513588754e-01
-7.3632159581e-03
-3.1544929548e-01
-8.1832699022e-03
2.7481150773e-02
-9.4564054221e-03
5.5934830963e-01
-8.2485434553e-03
4.7853246806e-02
-4.1281780791e-02
2.2616709219e-01
-3.9331986769e-02
-6.1682813751e-01
-4.2590143264e-02
7.3795059086e-01
-4.0901348728e-02
-2.6857069811e-04
-4.0382607261e-02
-2.4242975066e-01
7.8549062006e-02
1.5646917541e-01
7.9626944025e-02
-2.7758854303e-01
7.8935564791e-02
3.4210877467e-02
7.9011628113e-02
2.4339388837e-02
7.6993143834e-02
8.9005053254e-01
5.5370713391e-02
4.6120697584e-01
5.6568223900e-02
-2.8402352287e-02
5.6989283689e-02
-1.9131632203e-01
5.4771209959e-02
7.5459448143e-01
5.6942047363e-02
-1.2800843467e-01
KVEC
26
5:6:7:8:9
BARREL
RPHI
FLOATPT
2.0000000000e+00 3.0000000000e+00
-inf inf
-1
1
8
2.4567787725e+00
-1.9387157952e+00
1.8126145749e+00
2.5791765050e+00
1.1945769705e+01
-1.3172196250e+00
7.6666024204e+01
4.0598494226e+01
