56
CMTX
19
5:6:7:8:9:10
BARREL
RPHI
FLOATPT
2.0000000000e+00 3.0000000000e+00
-inf inf
1
2
12
1.3123738481e+00
-3.0411876813e-03
-1.0332956751e+00
2.4950284715e-03
-1.7537620668e+00
4.2016214351e-03
-2.5392691680e+00
6.0598117542e-03
1.0265590773e-01
-2.4812752791e-04
3.9113433867e+00
-9.5661345968e-03
-1.1806472839e+00
2.7716086463e-03
1.1647559041e+00
-2.7700209511e-03
1.2113340440e+00
-2.8995039834e-03
1.3022062810e+00
-3.1037722251e-03
-4.9538895233e-02
1.2032442612e-04
-1.4481347762e+00
3.5429601253e-03
QVEC
19
5:6:7:8:9:10
BARREL
RPHI
FLOATPT
2.0000000000e+00 3.0000000000e+00
-inf inf
1
1
2
4.2790655481e-01
-2.3759916196e+00
AMTX
19
5:6:7:8:9:10
BARREL
RPHI
FLOATPT
2.0000000000e+00 3.0000000000e+00
-inf inf
1
10
12
-3.1424241137e+02
6.7611503615e-01
1.3411509326e+03
-3.1690866338e+00
-2.1902743672e+03
5.1961260666e+00
1.8273115007e+03
-4.3433149264e+00
-8.8547455229e+02
2.1578568771e+00
2.2161343995e+02
-5.2519009318e-01
1.6560982687e+02
-4.0740378806e-01
-9.3565495292e+02
2.2125267296e+00
1.1794976340e+03
-2.8060347965e+00
8.3094091540e+02
-2.0041402924e+00
-2.3907841363e+03
5.7818187769e+00
1.1504373356e+03
-2.8285535231e+00
-7.5069099386e+02
1.8006949050e+00
1.7587403260e+03
-4.1738455538e+00
2.3770001845e+02
-5.6405313477e-01
-1.5898662453e+03
3.8259200371e+00
-6.8189004133e+02
1.6535914945e+00
1.0260112902e+03
-2.5137590224e+00
5.5607737115e+02
-1.3040586202e+00
-1.7582882869e+02
4.1803742748e-01
-3.8685877297e+02
9.2465625371e-01
-2.9215203466e+02
6.8911463000e-01
-2.7887818244e+01
7.0633046707e-02
3.2664030252e+02
-7.9661472599e-01
2.6783800276e+01
-7.1475850673e-02
1.8196692024e+01
-4.2220780761e-02
8.0329240696e+00
-2.9465209511e-02
-3.9142325291e+00
1.0490140445e-02
-1.7726213320e+01
6.7848971025e-03
-3.1302445943e+01
8.4200745347e-02
3.9322012659e-02
-8.6049437754e-01
4.0387345920e-02
-4.1015217027e-01
4.1568625678e-02
6.9787327776e-02
4.2699507858e-02
5.3626425534e-01
4.1437455829e-02
-2.0367123418e-02
4.0651265196e-02
-3.5783697539e-01
1.3999989994e-03
-4.1900468826e-01
3.6452648449e-03
5.2369398645e-01
1.1925773576e-03
-5.2790751958e-01
2.7926871917e-03
1.3925257084e-01
2.9567645828e-03
1.8261026526e-01
3.7899717266e-03
5.0447640261e-01
-2.1017594089e-02
1.0615620295e-01
-2.1875544241e-02
-2.1374855326e-01
-2.2458465414e-02
-4.0704074426e-01
-2.1959029341e-02
-1.3742009072e-01
-1.9945743836e-02
7.6456304281e-01
-2.2826283003e-02
-3.5402902582e-01
-1.2451796537e-01
3.1122576711e-01
-1.2472789748e-01
2.2316882546e-01
-1.2617417831e-01
-3.8723389428e-01
-1.2404226029e-01
4.9832503095e-01
-1.2597427720e-01
-3.0474110723e-01
-1.2620715722e-01
-4.0172010895e-01
1.5886776642e-02
-2.2797547502e-01
1.6194115496e-02
-1.3330747265e-01
1.5501750669e-02
-4.5781857182e-01
1.5324427030e-02
-5.7293354196e-01
1.5743611024e-02
-4.4712392608e-01
1.6429858895e-02
-2.1054666845e-01
KVEC
19
5:6:7:8:9:10
BARREL
RPHI
FLOATPT
2.0000000000e+00 3.0000000000e+00
-inf inf
1
1
10
3.5683594229e+00
-3.6943145793e+00
-2.3731124150e-01
-8.7920399456e-01
-2.6695298299e+00
-3.4050132050e+01
6.2318487219e+01
-5.7571081923e+00
-4.1518410125e+01
-1.3439913040e+02
CMTX
19
5:6:7:8:9:10
BARREL
RPHI
FLOATPT
2.0000000000e+00 3.0000000000e+00
-inf inf
-1
2
12
1.4548370936e+00
3.3325562296e-03
-1.4240445057e+00
-3.3029243084e-03
-1.5985066754e+00
-3.8031823129e-03
-2.3303259104e+00
-5.5241149043e-03
4.1767552291e-02
8.2602487623e-05
3.8563983480e+00
9.3849632264e-03
-1.2788174840e+00
-2.9743424922e-03
1.4017435582e+00
3.2861863991e-03
1.1855063193e+00
2.8183331484e-03
1.1235822282e+00
2.6669763746e-03
-5.0473886984e-02
-1.0957538372e-04
-1.3815919936e+00
-3.3334754181e-03
QVEC
19
5:6:7:8:9:10
BARREL
RPHI
FLOATPT
2.0000000000e+00 3.0000000000e+00
-inf inf
-1
1
2
-4.2830960381e-01
-2.3692260013e+00
AMTX
19
5:6:7:8:9:10
BARREL
RPHI
FLOATPT
2.0000000000e+00 3.0000000000e+00
-inf inf
-1
10
12
-8.8741342834e+01
-1.8564346005e-01
5.3979231763e+02
1.2816793731e+00
-1.5249736065e+03
-3.6202758068e+00
2.2334154840e+03
5.3443951791e+00
-1.6750203524e+03
-4.0439189624e+00
5.1550012482e+02
1.2879934900e+00
9.7565445901e+01
2.8086889341e-01
4.1041492318e+02
9.6248971715e-01
-1.7442419097e+03
-4.1405295059e+00
5.5148896641e+02
1.3136410945e+00
2.0348950185e+03
4.9265158993e+00
-1.3501763078e+03
-3.2994125668e+00
-7.9935562201e+02
-1.8913579107e+00
2.1345177978e+03
5.0517093094e+00
-5.9793190952e+02
-1.4146855940e+00
-1.2176864722e+03
-2.9064314013e+00
-1.5381564508e+02
-3.4996438100e-01
6.3432187350e+02
1.6073833493e+00
-5.5468278889e+02
-1.2970378762e+00
1.7033275115e+02
3.9294946009e-01
3.8831839119e+02
9.2441401096e-01
2.9766633552e+02
7.0299320251e-01
2.6619761796e+01
6.4913525088e-02
-3.2825626202e+02
-7.8952973735e-01
-2.6981442687e+01
-6.0796907409e-02
-1.8230185855e+01
-4.5062888114e-02
-8.1248660895e+00
-3.8973749368e-02
3.9045087159e+00
-2.1093966565e-03
1.7855357307e+01
1.3928024426e-02
3.1510247111e+01
5.5740578242e-02
-2.6568965846e-02
-8.8219211314e-01
-2.9273893052e-02
2.9027066547e-01
-2.8918226970e-02
1.6229337083e-01
-2.9851776969e-02
5.8640020251e-01
-2.8386535350e-02
4.1404761763e-03
-2.8627209971e-02
1.2405322509e-01
-9.6010543888e-02
2.7968342072e-01
-9.6732069154e-02
5.8387332703e-01
-9.6976582827e-02
6.9161173247e-01
-9.4990947581e-02
-1.4277629518e-01
-9.4522177005e-02
-3.2798839623e-01
-9.5963261128e-02
2.7116025261e-01
-7.5742334092e-02
-1.5423072700e-03
-7.5410081062e-02
-1.7710605541e-01
-7.6308071097e-02
1.3644472951e-01
-7.6573423338e-02
1.8069214470e-01
-7.4960627367e-02
-5.6597972407e-01
-7.4756037095e-02
-7.1494228969e-01
1.0317293969e-02
2.3672664919e-01
1.0426204000e-02
2.2218809356e-01
1.0375245160e-02
2.7519248348e-01
1.0476909024e-02
2.6664824699e-01
9.6212644539e-03
6.5919857530e-01
1.2454154518e-02
-4.6422360349e-01
-4.8861748770e-02
-4.0906212395e-01
-4.9079544572e-02
-3.1173576541e-01
-5.0820358610e-02
4.2428199118e-01
-4.8434005661e-02
-5.6768523477e-01
-5.0308447363e-02
2.1981971277e-01
-4.9449735505e-02
-1.2700459323e-01
KVEC
19
5:6:7:8:9:10
BARREL
RPHI
FLOATPT
2.0000000000e+00 3.0000000000e+00
-inf inf
-1
1
10
4.3206249928e+00
1.1736068230e-01
1.0266466441e+01
-3.2667444489e-01
-6.4597261112e+00
5.2113631205e+01
5.2161298810e+01
-1.1453965261e+02
5.3840742136e+01
-3.2186768866e+01
CMTX
19
6:7:8:9:10
BARREL
RPHI
FLOATPT
2.0000000000e+00 3.0000000000e+00
-inf inf
1
2
10
1.5855118521e+00
-3.7183542013e-03
-2.4035932841e+00
5.7386638017e-03
-3.3106526604e+00
7.9590443883e-03
-3.9765747004e-01
9.7179880320e-04
4.5264828814e+00
-1.1069286505e-02
-1.1905027949e+00
2.8147031064e-03
1.7919606834e+00
-4.2737667855e-03
2.0018609163e+00
-4.8199648041e-03
3.9813429711e-01
-9.7142068158e-04
-2.0015105358e+00
4.8935167142e-03
QVEC
19
6:7:8:9:10
BARREL
RPHI
FLOATPT
2.0000000000e+00 3.0000000000e+00
-inf inf
1
1
2
4.2629701484e-01
-2.3737938240e+00
AMTX
19
6:7:8:9:10
BARREL
RPHI
FLOATPT
2.0000000000e+00 3.0000000000e+00
-inf inf
1
8
10
4.2696637038e+02
-9.9664991437e-01
-1.6675415632e+03
3.9556955147e+00
2.3248113608e+03
-5.5602501350e+00
-1.4146949803e+03
3.4353058347e+00
3.3053359208e+02
-7.9343695510e-01
7.1547878704e+02
-1.6861696393e+00
-1.7368821308e+03
4.1283516049e+00
1.2531185564e+02
-2.8571923306e-01
2.1712423277e+03
-5.2477998735e+00
-1.2751757145e+03
3.1386056735e+00
-1.0608152177e+03
2.5157508639e+00
5.8498543734e+02
-1.3933743156e+00
9.1632662704e+02
-2.2037762209e+00
3.1873476737e+02
-7.7697133707e-01
-7.5923967653e+02
1.8543807565e+00
3.6446004580e+01
-8.4664888068e-02
2.0765321069e+01
-5.9340650454e-02
2.2623925587e+00
-5.4788747823e-03
-1.9160145465e+01
1.0335241037e-02
-4.0236185996e+01
1.0636850088e-01
-4.0018577846e-03
-6.3693849260e-01
-1.6350746162e-03
3.7510374069e-01
-1.7033220955e-03
3.5303549753e-01
-2.8287375849e-03
-9.7591192562e-02
-4.2357585261e-03
-6.5523337832e-01
-1.1247687262e-01
-3.7033938231e-03
-1.1404401054e-01
-6.1863464076e-01
-1.1196134320e-01
3.0983051064e-01
-1.1142207176e-01
5.9136854530e-01
-1.1365711178e-01
-2.6921800949e-01
1.3420345316e-01
-3.0283993002e-01
1.3513853873e-01
1.1338803156e-01
1.3323782797e-01
-6.5715987978e-01
1.3608739879e-01
5.5286178688e-01
1.3448253825e-01
-8.0081521193e-02
6.6000000445e-02
9.1133446303e-02
6.6885410183e-02
4.8299729109e-01
6.6797032409e-02
4.7546829287e-01
6.6759852195e-02
4.8854861072e-01
6.6401305201e-02
3.6986740055e-01
KVEC
19
6:7:8:9:10
BARREL
RPHI
FLOATPT
2.0000000000e+00 3.0000000000e+00
-inf inf
1
1
8
3.5248092752e+00
4.5450202797e+00
4.6377307995e-01
-2.4281252907e+00
-5.8674334175e+01
1.2498892003e+01
-8.9369531059e+00
1.4357930071e+02
CMTX
19
6:7:8:9:10
BARREL
RPHI
FLOATPT
2.0000000000e+00 3.0000000000e+00
-inf inf
-1
2
10
1.3047606324e+00
3.1464665352e-03
-1.9527435572e+00
-4.6368901262e-03
-3.3231140133e+00
-7.9148128094e-03
-6.3840845091e-01
-1.5379007077e-03
4.6096913543e+00
1.1305727379e-02
-9.9589631922e-01
-2.3814376487e-03
1.4921928822e+00
3.5400743461e-03
1.9998859087e+00
4.7697081570e-03
5.4998595938e-01
1.3204416456e-03
-2.0462721828e+00
-5.0291842727e-03
QVEC
19
6:7:8:9:10
BARREL
RPHI
FLOATPT
2.0000000000e+00 3.0000000000e+00
-inf inf
-1
1
2
-4.4139037985e-01
-2.3580311783e+00
AMTX
19
6:7:8:9:10
BARREL
RPHI
FLOATPT
2.0000000000e+00 3.0000000000e+00
-inf inf
-1
8
10
3.4309923392e+02
8.1668505590e-01
-1.5063690679e+03
-3.5766093096e+00
2.3409496635e+03
5.6052132768e+00
-1.6098930119e+03
-3.8880017207e+00
4.3218002091e+02
1.0793098763e+00
-6.4060575333e+02
-1.5081308924e+00
1.7736644580e+03
4.2098637579e+00
-3.9194683054e+02
-9.4074742589e-01
-2.0221531806e+03
-4.8987499872e+00
1.2810895096e+03
3.1230558871e+00
1.0614867243e+03
2.5209121353e+00
-6.2831319818e+02
-1.4904709467e+00
-8.7522165273e+02
-2.0842384686e+00
-2.6792567673e+02
-6.3528759209e-01
7.1000791483e+02
1.7581860781e+00
3.6601607671e+01
8.8009872082e-02
2.0994404727e+01
6.8927619163e-02
2.3433792050e+00
1.6204202083e-02
-1.9320527073e+01
-1.6999275288e-02
-4.0543926532e+01
-7.7093036399e-02
-1.5320107668e-01
6.2192937663e-01
-1.5339610186e-01
7.0535444801e-01
-1.5195366783e-01
9.6130263315e-02
-1.5096044767e-01
-3.1293232388e-01
-1.5237026410e-01
2.6727783004e-01
-1.2910798860e-01
-3.4376441862e-01
-1.3040473481e-01
1.2440413472e-01
-1.2987133671e-01
-1.8187667015e-01
-1.2902610363e-01
-6.2501591102e-01
-1.2937403466e-01
-5.6407121188e-01
1.3817108245e-02
-1.4439953067e-01
1.3460174242e-02
5.2096396377e-03
1.5419513416e-02
-8.1693652442e-01
1.3798642671e-02
-1.3976208150e-01
1.2251910896e-02
4.9163217072e-01
-3.1571265194e-02
-3.4657706321e-02
-3.2719184704e-02
4.6835739044e-01
-3.0726484277e-02
-3.4272505033e-01
-3.2958250167e-02
6.1157755892e-01
-3.0413985198e-02
-4.0635250286e-01
KVEC
19
6:7:8:9:10
BARREL
RPHI
FLOATPT
2.0000000000e+00 3.0000000000e+00
-inf inf
-1
1
8
3.1894816198e+00
-8.6160278162e-01
6.4913811615e+00
6.5067207865e+00
6.4959918197e+01
-1.3491954779e+02
-2.0067130090e+01
9.2928677335e+00
CMTX
19
5:7:8:9:10
BARREL
RPHI
FLOATPT
2.0000000000e+00 3.0000000000e+00
-inf inf
1
2
10
9.5686538305e-01
-2.2117553106e-03
-2.3860138817e+00
5.7065255734e-03
-2.7314072704e+00
6.5383516811e-03
7.6382338790e-02
-1.7901484646e-04
4.0842338446e+00
-9.9907335667e-03
-7.8007720543e-01
1.8321318797e-03
1.9251181205e+00
-4.5949235724e-03
1.5177385360e+00
-3.6388110053e-03
-2.0265214416e-02
4.3641974711e-05
-1.6425551838e+00
4.0143254875e-03
QVEC
19
5:7:8:9:10
BARREL
RPHI
FLOATPT
2.0000000000e+00 3.0000000000e+00
-inf inf
1
1
2
4.2865159887e-01
-2.3748991504e+00
AMTX
19
5:7:8:9:10
BARREL
RPHI
FLOATPT
2.0000000000e+00 3.0000000000e+00
-inf inf
1
8
10
2.4299365467e+01
-1.2047730069e-01
-7.8137453232e+02
1.8487415833e+00
2.1354106309e+03
-5.1035695782e+00
-2.1477921131e+03
5.2050785687e+00
7.6954749990e+02
-1.8802796832e+00
2.6135997379e+02
-6.5541810156e-01
-1.8388410912e+03
4.3683046415e+00
1.3270988378e+03
-3.1669719559e+00
1.5321354631e+03
-3.7009240410e+00
-1.2817481809e+03
3.1526366467e+00
-4.9370728625e+02
1.1569185133e+00
4.7189980452e+02
-1.1267432775e+00
3.5040336811e+02
-8.3126624582e-01
3.9304324726e+01
-9.9283576015e-02
-3.6789166660e+02
8.9711220336e-01
-3.6396218215e+01
9.4582443504e-02
-1.3945762462e+01
4.3144426144e-02
3.3849972283e-01
-1.4998769722e-03
1.6849974199e+01
-4.6840342369e-03
3.3077528587e+01
-8.8339084892e-02
-6.4518692503e-02
9.2886038389e-01
-6.6718593391e-02
3.7726331617e-02
-6.8227283243e-02
-5.7851430981e-01
-6.6899319676e-02
2.1107975764e-02
-6.6491776139e-02
2.1732293317e-01
3.2426560227e-02
1.3371194782e-01
3.3806278188e-02
6.5753399722e-01
3.2665494580e-02
1.3614675288e-01
3.0797672732e-02
-6.7632729026e-01
3.2025004618e-02
-2.0799132421e-01
1.6723024339e-01
-3.4665905725e-01
1.6876472842e-01
2.2671249080e-01
1.6739064092e-01
-3.8671848822e-01
1.6822334430e-01
-9.4813968235e-02
1.7023425251e-01
6.7994214683e-01
1.8433964329e-01
-1.4340807492e-02
1.8528375488e-01
4.2369041790e-01
1.8361582162e-01
-2.4807022995e-01
1.8544550752e-01
5.3936001243e-01
1.8297642048e-01
-4.4268321514e-01
KVEC
19
5:7:8:9:10
BARREL
RPHI
FLOATPT
2.0000000000e+00 3.0000000000e+00
-inf inf
1
1
8
-1.6788969290e-01
3.4774755910e+00
7.3043524490e-01
2.7335814981e+00
8.4733113014e+00
-3.6456907633e+01
4.2836049794e+01
5.1219147435e+00
CMTX
19
5:7:8:9:10
BARREL
RPHI
FLOATPT
2.0000000000e+00 3.0000000000e+00
-inf inf
-1
2
10
9.4426375302e-01
2.1363740338e-03
-2.3746684201e+00
-5.6542226667e-03
-2.6455439025e+00
-6.2796401198e-03
-6.7363616699e-02
-1.6375774036e-04
4.1434607949e+00
1.0120038765e-02
-7.7636650293e-01
-1.7963180061e-03
1.9493837521e+00
4.6339862773e-03
1.4338368701e+00
3.4081827385e-03
5.7910884193e-02
1.3653597424e-04
-1.6648372731e+00
-4.0618341992e-03
QVEC
19
5:7:8:9:10
BARREL
RPHI
FLOATPT
2.0000000000e+00 3.0000000000e+00
-inf inf
-1
1
2
-4.3153105993e-01
-2.3641318358e+00
AMTX
19
5:7:8:9:10
BARREL
RPHI
FLOATPT
2.0000000000e+00 3.0000000000e+00
-inf inf
-1
8
10
8.0716441357e+01
2.0826986071e-01
-1.1262725122e+03
-2.6757824026e+00
2.3573534885e+03
5.6397851199e+00
-1.8425649744e+03
-4.4546805345e+00
5.3073700280e+02
1.3111534192e+00
2.5585863944e+02
6.5583472390e-01
-1.6996177128e+03
-4.0341751098e+00
9.6693791129e+02
2.3069962110e+00
1.8823269314e+03
4.5530849524e+00
-1.4055711860e+03
-3.4437236578e+00
-4.9343091135e+02
-1.1532778419e+00
4.7015168121e+02
1.1201746710e+00
3.5277726997e+02
8.3517564655e-01
3.6824063264e+01
8.7620396861e-02
-3.6632647789e+02
-8.8618580358e-01
-3.6576330087e+01
-8.3378410902e-02
-1.4040020376e+01
-5.2141504285e-02
3.1799982298e-01
-1.0491846068e-02
1.6966807760e+01
1.1625618609e-02
3.3259672769e+01
6.0757229193e-02
-4.6752961893e-04
9.3337379350e-01
1.4842701224e-03
6.5508411275e-02
2.9868770352e-03
-5.9358595870e-01
1.7354940015e-03
-9.2969119810e-02
1.5309563224e-03
-2.4427033340e-02
-2.2694245634e-01
-9.4871240640e-02
-2.2894314680e-01
6.9045833769e-01
-2.2740857154e-01
6.4723787755e-03
-2.2617288692e-01
-5.4460169748e-01
-2.2776430099e-01
7.4325636784e-02
2.0617514511e-02
-1.5436961661e-01
2.0269991487e-02
6.2339603879e-02
2.1253017686e-02
-3.0037894583e-01
2.0237653869e-02
1.8097663261e-01
1.8638793456e-02
8.8517849223e-01
5.3800251125e-02
-5.3798659580e-02
5.4733030007e-02
-5.2808879406e-01
5.3434452557e-02
-3.1406119534e-02
5.5033436794e-02
-7.5070243686e-01
5.2673951556e-02
1.6447755528e-01
KVEC
19
5:7:8:9:10
BARREL
RPHI
FLOATPT
2.0000000000e+00 3.0000000000e+00
-inf inf
-1
1
8
1.6188738375e+00
-1.2181617656e+00
-5.5220427789e-01
-6.2678488324e+00
-2.6828680368e+01
-7.7796274993e+00
9.0565448720e+01
-7.8644353786e+01
CMTX
19
5:6:8:9:10
BARREL
RPHI
FLOATPT
2.0000000000e+00 3.0000000000e+00
-inf inf
1
2
10
1.4466916047e+00
-3.3244692308e-03
-2.0081813749e+00
4.8009617764e-03
-3.4401688300e+00
8.1946001741e-03
-1.8105808137e-01
4.3020027445e-04
4.1827220857e+00
-1.0244506134e-02
-1.2734308021e+00
2.9672088894e-03
1.8381180782e+00
-4.3625280507e-03
1.9245041896e+00
-4.5784332856e-03
1.4637580127e-01
-3.4793362692e-04
-1.6355642558e+00
4.0115357836e-03
QVEC
19
5:6:8:9:10
BARREL
RPHI
FLOATPT
2.0000000000e+00 3.0000000000e+00
-inf inf
1
1
2
4.3277698152e-01
-2.3792460361e+00
AMTX
19
5:6:8:9:10
BARREL
RPHI
FLOATPT
2.0000000000e+00 3.0000000000e+00
-inf inf
1
8
10
1.7451877921e+01
3.9764777109e-03
1.5913552708e+02
-3.7659065507e-01
-1.5802684321e+03
3.7808818240e+00
2.5328848134e+03
-6.1329364066e+00
-1.1292864056e+03
2.7672370440e+00
7.8452048010e+02
-1.8761868350e+00
-1.9100717845e+03
4.5314357036e+00
1.4861743235e+03
-3.5809404300e+00
6.0935624566e+02
-1.4794304282e+00
-9.6998752079e+02
2.3745546960e+00
-5.8771977051e+02
1.3710727951e+00
3.8504634667e+02
-9.1266253656e-01
4.9664802225e+02
-1.1738518268e+00
1.0973245926e+02
-2.6701497809e-01
-4.0368810443e+02
9.8842757567e-01
-2.9332947399e+01
7.7391730778e-02
-2.0449538902e+01
4.8404539404e-02
2.3901238805e+00
-6.9984462254e-03
1.6650875033e+01
-3.6643400188e-03
3.0666532129e+01
-8.2489417496e-02
5.4340978726e-02
-8.7600252971e-01
5.5493743247e-02
-3.9140158154e-01
5.7767225000e-02
5.3105226625e-01
5.6565493199e-02
-6.1600922237e-03
5.5779374742e-02
-3.4842887706e-01
-7.4912866863e-02
4.2640010786e-01
-7.7263198472e-02
-5.4349256288e-01
-7.6384177198e-02
-1.0753073739e-01
-7.6030246892e-02
8.7624379876e-02
-7.8026000934e-02
-6.8843844708e-01
-1.3065421175e-01
1.5987666732e-01
-1.3068180014e-01
1.2123841765e-01
-1.2993612829e-01
3.5743625495e-01
-1.3267678976e-01
-8.1975372376e-01
-1.3078711837e-01
-8.4081099135e-02
-1.4613503842e-01
2.3910556753e-01
-1.4623856718e-01
2.4357259835e-01
-1.4550994385e-01
6.5447051005e-01
-1.4608242550e-01
4.8520213681e-01
-1.4742813337e-01
-3.3620930761e-03
KVEC
19
5:6:8:9:10
BARREL
RPHI
FLOATPT
2.0000000000e+00 3.0000000000e+00
-inf inf
1
1
8
1.2538438778e+00
-2.4896545763e-01
1.8760448898e+00
2.2267373689e+00
-3.5321818346e+01
-8.3668934008e+01
-4.9873856947e+01
1.0065595302e+02
CMTX
19
5:6:8:9:10
BARREL
RPHI
FLOATPT
2.0000000000e+00 3.0000000000e+00
-inf inf
-1
2
10
1.5167973602e+00
3.4469657285e-03
-2.1717579824e+00
-5.0695936305e-03
-3.2890547762e+00
-7.8176974335e-03
-2.0111165159e-01
-5.1404280754e-04
4.1452787592e+00
1.0071465882e-02
-1.3247803656e+00
-3.0592162398e-03
1.9562968641e+00
4.5968474755e-03
1.8345925420e+00
4.3679091983e-03
1.2965151215e-01
3.3281140169e-04
-1.5958317243e+00
-3.8425411096e-03
QVEC
19
5:6:8:9:10
BARREL
RPHI
FLOATPT
2.0000000000e+00 3.0000000000e+00
-inf inf
-1
1
2
-4.2525861336e-01
-2.3716102674e+00
AMTX
19
5:6:8:9:10
BARREL
RPHI
FLOATPT
2.0000000000e+00 3.0000000000e+00
-inf inf
-1
8
10
-9.1563498093e+01
-2.3020165261e-01
2.9032234387e+01
7.7546239107e-02
1.4178989939e+03
3.3963000009e+00
-2.5799968186e+03
-6.2388412465e+00
1.2246400207e+03
3.0111270741e+00
7.7596730241e+02
1.8505904167e+00
-1.9003393952e+03
-4.4983520671e+00
1.5776426471e+03
3.7664741128e+00
4.0885441359e+02
9.6937012362e-01
-8.6219044653e+02
-2.1585375849e+00
-5.8695554360e+02
-1.3653462879e+00
3.8291081651e+02
8.9502018595e-01
5.0067663320e+02
1.1886686825e+00
1.0815595430e+02
2.6487101257e-01
-4.0479420241e+02
-9.7098423376e-01
2.9562789733e+01
6.6931958242e-02
2.0508311450e+01
4.7140849616e-02
-2.3609926321e+00
6.0681822905e-03
-1.6767530353e+01
-1.0258952758e-02
-3.0867000240e+01
-5.4664454464e-02
-1.1371950479e-02
-9.1522065152e-01
-1.3920135065e-02
1.8839507240e-01
-1.4799898931e-02
6.0387505058e-01
-1.3420753931e-02
5.1795087747e-02
-1.3465873562e-02
8.6309859594e-02
3.6733275704e-02
-1.2450099367e-01
3.7874421488e-02
-5.9656092292e-01
3.6309289716e-02
6.7606780734e-02
3.5573894075e-02
3.7274736733e-01
3.8167014537e-02
-6.8608120493e-01
1.3776284966e-01
-1.2433075219e-03
1.3770452280e-01
7.5670294831e-02
1.3860934830e-01
-1.3792052739e-01
1.3653959815e-01
8.1823705972e-01
1.3776224857e-01
4.0244242653e-01
2.9588265132e-02
4.2359242854e-01
2.9406538232e-02
5.1264746282e-01
2.9413473434e-02
5.2019763398e-01
3.0217800979e-02
1.9215505451e-01
3.1586774166e-02
-3.5887850068e-01
KVEC
19
5:6:8:9:10
BARREL
RPHI
FLOATPT
2.0000000000e+00 3.0000000000e+00
-inf inf
-1
1
8
2.6636329948e+00
-9.1211912997e+00
5.2324163656e-01
5.4177406094e+00
4.0945134590e+01
-6.0239718595e+01
1.0951594292e+02
4.1907079789e+01
CMTX
19
5:6:7:9:10
BARREL
RPHI
FLOATPT
2.0000000000e+00 3.0000000000e+00
-inf inf
1
2
10
1.5391047483e+00
-3.6484890987e-03
-1.4416672028e+00
3.4706042640e-03
-3.0112804863e+00
7.1820114871e-03
-8.5771786119e-01
2.0827188814e-03
3.7716782106e+00
-9.2160822631e-03
-1.2967827315e+00
3.0835013068e-03
1.3737965960e+00
-3.2692495136e-03
1.8565029349e+00
-4.4286649496e-03
4.4296368184e-01
-1.0749479873e-03
-1.3765413298e+00
3.3638060979e-03
QVEC
19
5:6:7:9:10
BARREL
RPHI
FLOATPT
2.0000000000e+00 3.0000000000e+00
-inf inf
1
1
2
4.2563952821e-01
-2.3746198796e+00
AMTX
19
5:6:7:9:10
BARREL
RPHI
FLOATPT
2.0000000000e+00 3.0000000000e+00
-inf inf
1
8
10
3.7911454212e+02
-8.8623690987e-01
-1.6647007940e+03
3.9357315615e+00
2.0699910419e+03
-4.9169794143e+00
-1.5500682423e+03
3.7396951060e+00
7.6565863795e+02
-1.8955100635e+00
6.6287140632e+02
-1.5528709080e+00
-1.6654889319e+03
3.9476741213e+00
4.6200239180e+02
-1.0925472871e+00
1.8974865684e+03
-4.6008980820e+00
-1.3569374378e+03
3.3175559914e+00
-6.0119416725e+02
1.4201998938e+00
2.6616080844e+02
-6.3263732163e-01
5.1448970616e+02
-1.2273058175e+00
1.1080328788e+02
-2.7168160368e-01
-2.9025571306e+02
7.0737571521e-01
-2.6196570999e+01
6.9878208821e-02
-1.7548499118e+01
4.0626631342e-02
-7.3083731034e+00
2.7837736510e-02
1.8650563336e+01
-9.0221670310e-03
3.2333366645e+01
-8.6822135494e-02
1.1127561731e-01
-8.4351589472e-01
1.1207329995e-01
-5.1646339485e-01
1.1362536368e-01
1.2017542020e-01
1.1345614082e-01
2.8657168697e-03
1.1254300634e-01
-3.9005179429e-01
4.0274280440e-02
-5.3620015467e-01
4.2616178991e-02
4.4411580893e-01
4.0391836382e-02
-5.1382415609e-01
4.2228103899e-02
2.1818134312e-01
4.2910954084e-02
4.7498202401e-01
-8.5872154614e-02
1.7878638927e-01
-8.6849177571e-02
-1.8778024265e-01
-8.7626703941e-02
-4.5913790583e-01
-8.5185914635e-02
6.9293100166e-01
-8.8014057800e-02
-3.9952305649e-01
1.4463383794e-01
4.9957478021e-02
1.4434168893e-01
-4.9988784358e-02
1.4567704937e-01
5.3565298859e-01
1.4571817107e-01
6.1360428563e-01
1.4496658211e-01
3.3708206085e-01
KVEC
19
5:6:7:9:10
BARREL
RPHI
FLOATPT
2.0000000000e+00 3.0000000000e+00
-inf inf
1
1
8
-3.2677298262e+00
1.1988180185e+00
1.8324569604e-01
2.7298656659e+00
-7.2638430986e+01
4.8183706349e+01
-7.9632239152e+00
1.1779660146e+02
CMTX
19
5:6:7:9:10
BARREL
RPHI
FLOATPT
2.0000000000e+00 3.0000000000e+00
-inf inf
-1
2
10
1.6801731519e+00
3.9042332407e-03
-1.8036246819e+00
-4.2039688295e-03
-2.7947642293e+00
-6.6442094879e-03
-7.8009905875e-01
-1.9085696172e-03
3.6983917363e+00
8.9989874137e-03
-1.3874663181e+00
-3.2493067117e-03
1.5847259213e+00
3.7203133230e-03
1.7623090515e+00
4.1882431139e-03
3.4586514652e-01
8.5059597728e-04
-1.3054612504e+00
-3.1474195637e-03
QVEC
19
5:6:7:9:10
BARREL
RPHI
FLOATPT
2.0000000000e+00 3.0000000000e+00
-inf inf
-1
1
2
-4.2429050091e-01
-2.3709390806e+00
AMTX
19
5:6:7:9:10
BARREL
RPHI
FLOATPT
2.0000000000e+00 3.0000000000e+00
-inf inf
-1
8
10
1.8026861135e+02
4.6636440601e-01
6.9149681820e+01
1.5442596856e-01
-1.1896591062e+03
-2.8244261321e+00
2.4289471133e+03
5.8756306524e+00
-1.4887545254e+03
-3.6507265634e+00
7.1036023962e+02
1.6594458858e+00
-2.1884404294e+03
-5.1791806195e+00
1.5430907270e+03
3.6589816168e+00
4.4980674544e+02
1.0644753313e+00
-5.1483889147e+02
-1.3205708271e+00
6.0230359850e+02
1.4148403140e+00
-2.6308254602e+02
-6.1295096135e-01
-5.1990218608e+02
-1.2369365632e+00
-1.1228738585e+02
-2.7300637730e-01
2.9296334056e+02
7.0203852210e-01
2.6392522050e+01
6.1689219770e-02
1.7580618967e+01
4.2745831690e-02
7.4015053071e+00
3.7507861236e-02
-1.8774939245e+01
-1.6398525060e-02
-3.2533987112e+01
-5.7944667963e-02
-1.4812784760e-01
-1.4323283464e-01
-1.4989719780e-01
6.0819631894e-01
-1.5011214806e-01
7.0277882518e-01
-1.4767349873e-01
-3.0686161708e-01
-1.4913504736e-01
2.9793175629e-01
-4.5431110142e-02
1.0009967804e+00
-4.3165335917e-02
2.4612761021e-02
-4.3458090883e-02
1.3357577659e-01
-4.2834155427e-02
-1.7500418569e-01
-4.2867194166e-02
-1.7323468026e-01
-1.2712986903e-01
-2.3893324584e-01
-1.2704567829e-01
-3.1657917291e-01
-1.2819367100e-01
9.4668865278e-02
-1.2695416619e-01
-5.7957704611e-01
-1.2707101520e-01
-6.0711628853e-01
1.7779202721e-02
4.5313359755e-02
1.8046228245e-02
-9.4119477408e-02
1.8734135460e-02
-4.0455132023e-01
1.9174187560e-02
-6.3682986243e-01
1.6195988637e-02
5.5725091940e-01
KVEC
19
5:6:7:9:10
BARREL
RPHI
FLOATPT
2.0000000000e+00 3.0000000000e+00
-inf inf
-1
1
8
-1.5202282047e+00
-1.0568567752e+01
-5.6242904434e-01
5.7200139112e+00
5.8340341359e+01
-3.8519026601e+00
-1.2909520721e+02
-1.9060749479e+01
CMTX
19
5:6:7:8:10
BARREL
RPHI
FLOATPT
2.0000000000e+00 3.0000000000e+00
-inf inf
1
2
10
1.3068029181e+00
-3.0291863896e-03
-1.0311663854e+00
2.4898777221e-03
-1.7385385156e+00
4.1652496760e-03
-2.5022525520e+00
5.9712774906e-03
3.9652035442e+00
-9.6982091666e-03
-1.1779545904e+00
2.7658043309e-03
1.1637103653e+00
-2.7674872376e-03
1.2040122578e+00
-2.8819772472e-03
1.2843330182e+00
-3.0610174850e-03
-1.4741271439e+00
3.6066972706e-03
QVEC
19
5:6:7:8:10
BARREL
RPHI
FLOATPT
2.0000000000e+00 3.0000000000e+00
-inf inf
1
1
2
4.2802623545e-01
-2.3759997917e+00
AMTX
19
5:6:7:8:10
BARREL
RPHI
FLOATPT
2.0000000000e+00 3.0000000000e+00
-inf inf
1
8
10
3.3373592395e+02
-7.3093914314e-01
-1.5367118853e+03
3.6311583444e+00
2.4658773468e+03
-5.8535073976e+00
-1.4721226250e+03
3.4901082700e+00
2.0915851314e+02
-5.3251777331e-01
7.4522147213e+02
-1.7952725239e+00
-1.8442746029e+03
4.3757132849e+00
-7.8353201764e+01
1.8386711761e-01
1.8651749071e+03
-4.4860208825e+00
-6.8775534125e+02
1.6836986733e+00
5.5818819248e+02
-1.3087991111e+00
-1.7751529312e+02
4.2210115294e-01
-3.9180309184e+02
9.3662457503e-01
-3.0020881489e+02
7.0841087922e-01
3.1132839190e+02
-7.5905850324e-01
-2.7500648289e+01
7.2457341074e-02
-1.7339076532e+01
4.0512047471e-02
-5.3104213129e+00
2.5274078782e-02
8.8312276643e+00
-2.1975330663e-02
4.1252729575e+01
-1.0865630092e-01
5.9426863434e-02
-8.6424120157e-01
6.0505282180e-02
-4.0797115490e-01
6.1686792186e-02
7.2207062727e-02
6.2790784636e-02
5.2816926056e-01
6.0767391984e-02
-3.5483846560e-01
-2.6724127412e-03
4.2649752043e-01
-5.0307627021e-03
-5.5315486650e-01
-2.6526617759e-03
4.7955426052e-01
-4.2108085056e-03
-1.5466721875e-01
-5.3374392311e-03
-5.3884897377e-01
-2.1819330943e-01
2.6062584900e-01
-2.1878973549e-01
2.8981600717e-02
-2.2023741243e-01
-5.5664695226e-01
-2.1807408125e-01
3.7117758196e-01
-2.2012935827e-01
-4.1730665815e-01
6.7663727240e-02
-2.2792136547e-01
6.7754277425e-02
-2.0810139320e-01
6.7061002207e-02
-5.1381695301e-01
6.6746886628e-02
-6.6141364828e-01
6.7872757148e-02
-2.3669451165e-01
KVEC
19
5:6:7:8:10
BARREL
RPHI
FLOATPT
2.0000000000e+00 3.0000000000e+00
-inf inf
1
1
8
-3.3192845860e+00
-1.8286334109e-01
-1.1187553226e+00
-4.1101241654e-01
-3.2309340011e+01
-5.4240189830e+01
-4.1854981702e+01
-1.0894698840e+02
CMTX
19
5:6:7:8:10
BARREL
RPHI
FLOATPT
2.0000000000e+00 3.0000000000e+00
-inf inf
-1
2
10
1.4517783855e+00
3.3246298854e-03
-1.4206356930e+00
-3.2953765816e-03
-1.5938126353e+00
-3.7928721811e-03
-2.3160012373e+00
-5.4894512778e-03
3.8788011007e+00
9.4400839189e-03
-1.2752980732e+00
-2.9653526037e-03
1.3981832517e+00
3.2780323069e-03
1.1794860511e+00
2.8046043954e-03
1.1061677833e+00
2.6249993718e-03
-1.4085932245e+00
-3.3998911607e-03
QVEC
19
5:6:7:8:10
BARREL
RPHI
FLOATPT
2.0000000000e+00 3.0000000000e+00
-inf inf
-1
1
2
-4.2994369292e-01
-2.3680908550e+00
AMTX
19
5:6:7:8:10
BARREL
RPHI
FLOATPT
2.0000000000e+00 3.0000000000e+00
-inf inf
-1
8
10
3.6133859608e+00
5.9259173490e-02
6.4935381381e+02
1.5347239428e+00
-2.2771773419e+03
-5.4055043959e+00
2.0916784726e+03
5.0011542108e+00
-4.6752599188e+02
-1.1214141229e+00
-7.9002806793e+02
-1.8668856119e+00
2.1374290228e+03
5.0588249624e+00
-6.4864406845e+02
-1.5340602057e+00
-1.2460265707e+03
-2.9749409451e+00
5.4731317974e+02
1.3938700755e+00
5.5664204708e+02
1.3019263957e+00
-1.7186326210e+02
-3.9668604386e-01
-3.9302558536e+02
-9.3559330044e-01
-3.0538551564e+02
-7.2150063980e-01
3.1363394020e+02
7.5360479216e-01
-2.7719014655e+01
-6.3233792777e-02
-1.7358154409e+01
-4.4031563982e-02
-5.3896056242e+00
-3.4286096716e-02
8.8572080748e+00
1.0182765277e-02
4.1554589705e+01
8.0407090540e-02
4.4422765459e-02
8.7259587271e-01
4.7135466109e-02
-3.0273787999e-01
4.6809704333e-02
-1.8698411027e-01
4.7676524285e-02
-5.8223117041e-01
4.6474932162e-02
-1.2855221647e-01
-1.2226301443e-01
3.2205169714e-01
-1.2284638251e-01
5.8340821615e-01
-1.2308263478e-01
7.1048195589e-01
-1.2094898992e-01
-1.6252486851e-01
-1.2188899296e-01
2.9377220930e-01
-1.1450122637e-01
1.0655369877e-01
-1.1406263607e-01
-8.8696993719e-02
-1.1511999142e-01
3.2433743215e-01
-1.1499751331e-01
2.3934474120e-01
-1.1256027765e-01
-8.3028642138e-01
1.2434026781e-01
4.1998706290e-01
1.2429628819e-01
4.4816560328e-01
1.2611799095e-01
-3.0757133784e-01
1.2408664334e-01
5.5396995691e-01
1.2557356534e-01
-4.0352938544e-02
KVEC
19
5:6:7:8:10
BARREL
RPHI
FLOATPT
2.0000000000e+00 3.0000000000e+00
-inf inf
-1
1
8
2.5481440421e+00
8.2408333988e+00
3.4497655209e-01
-3.9551198230e+00
-5.3813002132e+01
8.4157303325e+01
-5.7823039340e+01
4.3924718137e+01
CMTX
19
5:6:7:8:9
BARREL
RPHI
FLOATPT
2.0000000000e+00 3.0000000000e+00
-inf inf
1
2
10
2.0360437120e+00
-4.7492932025e-03
-2.5279471545e+00
6.0474396428e-03
-3.2792351686e+00
7.8312588701e-03
-1.9753183775e+00
4.7013892180e-03
5.7463922339e+00
-1.3913003224e-02
-1.4485707514e+00
3.4039307830e-03
1.7180906903e+00
-4.0853290403e-03
1.7761876037e+00
-4.2434653869e-03
1.0933811544e+00
-2.6006725145e-03
-2.1390723172e+00
5.1795980739e-03
QVEC
19
5:6:7:8:9
BARREL
RPHI
FLOATPT
2.0000000000e+00 3.0000000000e+00
-inf inf
1
1
2
4.2477703590e-01
-2.3747037375e+00
AMTX
19
5:6:7:8:9
BARREL
RPHI
FLOATPT
2.0000000000e+00 3.0000000000e+00
-inf inf
1
8
10
3.0992282751e+02
-6.6714026294e-01
-1.4042579152e+03
3.3204993728e+00
2.3527113625e+03
-5.5830605130e+00
-1.7343881862e+03
4.1181967590e+00
4.7593560972e+02
-1.1670129679e+00
6.2987289880e+02
-1.5240642748e+00
-1.8240754088e+03
4.3254133356e+00
4.4601506422e+02
-1.0635124104e+00
1.8830425937e+03
-4.5303142928e+00
-1.1348208671e+03
2.7421107587e+00
6.4695897195e+02
-1.5196195550e+00
-3.5795273549e+02
8.5034185391e-01
-5.2148873071e+02
1.2453971221e+00
-1.8690025791e+02
4.3575679355e-01
4.1936279653e+02
-1.0110148206e+00
3.9951503226e+01
-1.0201039089e-01
2.3125979167e+01
-5.5025386355e-02
3.3523638692e+00
-1.8445130027e-02
-1.9812947075e+01
4.9134118839e-02
-4.6555942189e+01
7.6600888475e-02
6.7293517126e-02
-9.4189315103e-01
6.8829163165e-02
-3.0062431141e-01
6.9704414987e-02
3.7858366773e-02
7.0926325136e-02
5.3426688662e-01
6.9711024742e-02
-1.7608749704e-02
-6.3286713887e-02
-1.4714779711e-01
-6.1996277544e-02
4.1675064316e-01
-6.4819616833e-02
-7.5605688440e-01
-6.2883249935e-02
8.4281017413e-02
-6.2055309842e-02
4.4792715095e-01
-1.2342055476e-01
7.1265153055e-02
-1.2257490396e-01
4.0139954081e-01
-1.2371836328e-01
-1.1508753789e-01
-1.2234702562e-01
4.1629676323e-01
-1.2495328447e-01
-7.0942939115e-01
-1.9906594837e-01
3.5789654621e-01
-2.0087933414e-01
-3.6665107575e-01
-1.9996561660e-01
6.3797950475e-02
-1.9889287417e-01
5.6018538976e-01
-1.9962331530e-01
3.2054148193e-01
KVEC
19
5:6:7:8:9
BARREL
RPHI
FLOATPT
2.0000000000e+00 3.0000000000e+00
-inf inf
1
1
8
-2.0498401381e+00
-1.3987277511e+00
-7.8854642255e-01
-3.5507970707e+00
5.1034537554e+00
1.8236062938e+01
-2.4897333298e+01
6.4087220578e+01
CMTX
19
5:6:7:8:9
BARREL
RPHI
FLOATPT
2.0000000000e+00 3.0000000000e+00
-inf inf
-1
2
10
2.1961186973e+00
5.1722617189e-03
-2.9253934137e+00
-6.8723325355e-03
-3.1841518306e+00
-7.5663440844e-03
-1.6425321638e+00
-3.9039962117e-03
5.5559504599e+00
1.3404525080e-02
-1.5429736534e+00
-3.6292361531e-03
1.9358487212e+00
4.5534905903e-03
1.7563936216e+00
4.1724401683e-03
8.7701103703e-01
2.0868885234e-03
-2.0262825431e+00
-4.8830631155e-03
QVEC
19
5:6:7:8:9
BARREL
RPHI
FLOATPT
2.0000000000e+00 3.0000000000e+00
-inf inf
-1
1
2
-4.2752653360e-01
-2.3663401158e+00
AMTX
19
5:6:7:8:9
BARREL
RPHI
FLOATPT
2.0000000000e+00 3.0000000000e+00
-inf inf
-1
8
10
9.6373321749e+00
-1.7499911428e-02
-5.2184661871e+02
-1.2338712149e+00
1.9745837132e+03
4.6884091092e+00
-2.3583468495e+03
-5.6414511852e+00
8.9601854831e+02
2.1598876619e+00
6.6770015851e+02
1.5606813699e+00
-2.0571930574e+03
-4.8606345357e+00
1.1220171504e+03
2.6605806577e+00
1.0862730648e+03
2.5936011194e+00
-8.1882424248e+02
-2.0017334149e+00
-6.4617401008e+02
-1.5203403619e+00
3.5072469798e+02
8.2004805731e-01
5.2510837419e+02
1.2496904923e+00
1.9722775674e+02
4.6553673548e-01
-4.2687410734e+02
-1.0291450231e+00
4.0265978769e+01
9.1892760279e-02
2.3119837157e+01
5.5281277127e-02
3.4501774310e+00
2.8072316235e-02
-1.9880630516e+01
-3.5018804793e-02
-4.6897702105e+01
-8.4572861866e-02
-3.6808856219e-02
-8.9219721739e-01
-3.9436083654e-02
2.4439774250e-01
-3.9148257631e-02
1.3705253132e-01
-4.0206306359e-02
6.0593116561e-01
-3.8726152534e-02
8.0161330349e-03
-1.6317214962e-01
2.3980282079e-01
-1.6388427436e-01
5.3247172967e-01
-1.6438364459e-01
7.2846878878e-01
-1.6251974598e-01
-7.3778021185e-02
-1.6182077071e-01
-3.7712077774e-01
9.1641496282e-02
1.7931070244e-01
9.1253090455e-02
3.8970623305e-01
9.1880925875e-02
1.8580431633e-01
9.2281090496e-02
8.3476229956e-02
9.0710244408e-02
8.0879232186e-01
-8.2720093546e-02
-4.0240292951e-01
-8.2851680732e-02
-3.4100823956e-01
-8.4528876027e-02
3.7251967602e-01
-8.2254254619e-02
-5.6957411088e-01
-8.4253288424e-02
2.7388876393e-01
KVEC
19
5:6:7:8:9
BARREL
RPHI
FLOATPT
2.0000000000e+00 3.0000000000e+00
-inf inf
-1
1
8
-9.4269181189e-01
-3.5925693030e+00
-1.0810948974e+00
4.2141544823e+00
3.7268377186e+01
2.2252174973e+01
1.0499757813e+02
-1.7446531086e+01
