56
CMTX
25
5:6:7:8:9:10
BARREL
RPHI
FLOATPT
2.0000000000e+00 3.0000000000e+00
-inf inf
1
2
12
1.9020417067e+00
-4.4494592620e-03
-2.2165281586e+00
5.2166226933e-03
-2.8955255113e+00
6.9079190294e-03
-1.9126905499e+00
4.4926446034e-03
3.9349269679e+00
-9.5339810270e-03
1.1875529940e+00
-2.8717171590e-03
-1.3816334967e+00
3.2560106422e-03
1.5753685658e+00
-3.7147541193e-03
1.6845576509e+00
-4.0080244773e-03
9.9585842487e-01
-2.3407349754e-03
-1.4362279037e+00
3.4878082567e-03
-4.3786344039e-01
1.0510335350e-03
QVEC
25
5:6:7:8:9:10
BARREL
RPHI
FLOATPT
2.0000000000e+00 3.0000000000e+00
-inf inf
1
1
2
4.3111383032e-01
-7.0543157038e-03
AMTX
25
5:6:7:8:9:10
BARREL
RPHI
FLOATPT
2.0000000000e+00 3.0000000000e+00
-inf inf
1
10
12
1.4540571103e+01
7.3473816607e-03
-5.1597131029e+02
1.2101236700e+00
1.9190082539e+03
-4.5763358002e+00
-2.2955299995e+03
5.4914188574e+00
8.9438230471e+02
-2.1647348408e+00
-1.6390636080e+01
6.6320247500e-02
6.3326928410e+02
-1.5164123313e+00
-2.0439482530e+03
4.8511409821e+00
1.2439403940e+03
-2.9599626464e+00
1.0908842307e+03
-2.6391686277e+00
-1.0561873082e+03
2.5523809404e+00
1.3210522503e+02
-3.1310017098e-01
4.9458965815e+02
-1.1641089961e+00
-6.7097991563e+02
1.6060526831e+00
-4.6454875158e+02
1.1077677710e+00
2.3610752830e+02
-5.7518728432e-01
1.1931642200e+03
-2.8941128248e+00
-7.8836082246e+02
1.9372414570e+00
4.9983410605e+02
-1.1788163702e+00
-1.2646650268e+02
2.9146941174e-01
-3.3575069901e+02
7.9809186958e-01
-2.9422577444e+02
6.9116882370e-01
-1.0914991167e+02
2.6613225074e-01
3.6574491953e+02
-8.9435020032e-01
-2.6709449417e+01
6.4643849140e-02
-1.8161432317e+01
4.6069793631e-02
-7.9908891490e+00
1.2788218224e-02
3.8838858799e+00
-6.3905524942e-03
1.7643817066e+01
-5.1478963579e-02
3.1276238623e+01
-4.4769498895e-02
4.9913542559e-02
-9.0407708060e-01
5.1011974743e-02
-4.2395272422e-01
5.2213474021e-02
9.5738991043e-02
5.2862342831e-02
3.8423408113e-01
5.1564320832e-02
-1.4520038025e-01
5.2737448498e-02
3.5638361193e-01
-1.6737019613e-02
-2.5748092310e-01
-1.4790618238e-02
5.4718354446e-01
-1.5367479525e-02
2.6841744518e-01
-1.4728944269e-02
5.0503604426e-01
-1.5633030877e-02
8.0704306802e-02
-1.7126708675e-02
-5.7228838746e-01
5.2243881836e-02
4.1234056153e-02
5.2537452453e-02
1.6408470072e-01
5.3664697593e-02
6.4295389346e-01
5.1480126314e-02
-2.6869960709e-01
5.0504048484e-02
-6.6517450903e-01
5.2354411511e-02
1.0037155436e-01
-1.1599258115e-01
2.3275319408e-01
-1.1709566718e-01
-2.1422428468e-01
-1.1743406840e-01
-3.4136174333e-01
-1.1567244539e-01
4.1574205867e-01
-1.1822353787e-01
-6.1702790961e-01
-1.1719772627e-01
-1.7049437874e-01
5.7727650334e-02
-3.7229976533e-01
5.8480129421e-02
-8.6603222624e-02
5.8026262562e-02
-3.1120635834e-01
5.7638648631e-02
-5.0778977514e-01
5.8503718249e-02
-1.9531011014e-01
5.7737702169e-02
-5.4649153665e-01
KVEC
25
5:6:7:8:9:10
BARREL
RPHI
FLOATPT
2.0000000000e+00 3.0000000000e+00
-inf inf
1
1
10
1.8268760940e+00
-3.1292801549e-01
1.0915805016e+00
-2.1697329842e+00
2.3563376564e+00
2.1447235412e+01
6.9820551272e+00
-2.6649060817e+01
-6.5045514985e+01
-1.3770117582e+02
CMTX
25
5:6:7:8:9:10
BARREL
RPHI
FLOATPT
2.0000000000e+00 3.0000000000e+00
-inf inf
-1
2
12
1.4867254760e+00
3.5098755585e-03
-1.5061110999e+00
-3.7356296148e-03
-1.4893992294e+00
-3.5228639148e-03
-2.4509462309e+00
-5.8286760648e-03
1.3391196494e-01
2.9816127628e-04
3.8260294834e+00
9.4359381303e-03
-1.2494712223e+00
-2.9454641331e-03
1.3915249544e+00
3.3580482791e-03
1.0799327084e+00
2.5628754376e-03
1.2284889347e+00
2.9251172409e-03
-4.5335555430e-02
-9.2055235027e-05
-1.4052234161e+00
-3.5054141290e-03
QVEC
25
5:6:7:8:9:10
BARREL
RPHI
FLOATPT
2.0000000000e+00 3.0000000000e+00
-inf inf
-1
1
2
-4.3501646834e-01
1.0739514053e-02
AMTX
25
5:6:7:8:9:10
BARREL
RPHI
FLOATPT
2.0000000000e+00 3.0000000000e+00
-inf inf
-1
10
12
2.2151897022e+02
5.4359705010e-01
-1.2261932055e+03
-2.9383295975e+00
1.7912932364e+03
4.2353001145e+00
2.0161937611e+02
4.6443773756e-01
-2.1008607543e+03
-5.0770206180e+00
1.1126184714e+03
2.7763802362e+00
-1.2159915920e+02
-2.5560358849e-01
6.8087743151e+02
1.5763074291e+00
-1.6818178713e+03
-3.9981313130e+00
2.1534259443e+03
5.1452684501e+00
-1.4275066197e+03
-3.4474890803e+00
3.9662016371e+02
9.5095023362e-01
7.7486971214e+02
1.8110681315e+00
-1.8719152687e+03
-4.3810749857e+00
7.6890446162e+00
1.0203734277e-03
1.3394577758e+03
3.2056791795e+00
7.6941777855e+02
1.8577618685e+00
-1.0195513676e+03
-2.4201084888e+00
5.5361132757e+02
1.3017015333e+00
-1.7182398515e+02
-4.1667468182e-01
-3.8695886401e+02
-9.1764864170e-01
-2.9443596245e+02
-6.9720346520e-01
-2.6714839400e+01
-6.6393356134e-02
3.2632166075e+02
8.1144225994e-01
2.6896083766e+01
6.4039828215e-02
1.8152781659e+01
3.2750553202e-02
8.1369981188e+00
1.5775223840e-02
-3.8985246587e+00
5.6748650773e-03
-1.7824309418e+01
-4.8040007572e-02
-3.1399221496e+01
-7.0979285247e-02
1.7276991718e-02
8.7777483064e-01
2.0077099162e-02
-3.1151837601e-01
1.9291531238e-02
1.5154189832e-02
2.0698096614e-02
-5.7828746566e-01
1.9491091071e-02
-6.7437024892e-02
1.8647505287e-02
2.6340816184e-01
-9.0638603424e-03
-1.1756645708e-01
-8.8271987896e-03
-2.0809827614e-01
-7.8060453114e-03
-6.4046266618e-01
-9.2302954523e-03
-3.7695180315e-02
-1.0933194244e-02
6.7418700108e-01
-9.9794975589e-03
2.7644284457e-01
2.3688744416e-02
3.9099915485e-01
2.3236571936e-02
5.5387813207e-01
2.4644963050e-02
-5.1249338042e-02
2.4497561356e-02
-9.2448947917e-03
2.3393816388e-02
4.2451762957e-01
2.5770675571e-02
-5.6718885736e-01
6.0706917807e-02
1.3364106503e-02
5.9779997367e-02
4.1849302094e-01
5.9705502652e-02
4.4119706212e-01
6.0603617794e-02
6.5469721667e-02
6.0024791313e-02
3.0484268924e-01
5.9263169980e-02
6.2047932492e-01
5.8976131503e-02
4.1386961679e-01
6.0395275970e-02
-1.5705319442e-01
6.0362785188e-02
-1.0889985963e-01
5.8345464607e-02
7.7211692907e-01
6.0469376690e-02
-6.9543206109e-02
6.0168943749e-02
9.2451645316e-02
KVEC
25
5:6:7:8:9:10
BARREL
RPHI
FLOATPT
2.0000000000e+00 3.0000000000e+00
-inf inf
-1
1
10
3.7357982483e+00
-2.8705980109e+00
6.2695535319e+00
2.5691475824e+00
4.9353395827e-01
-7.3198346703e+00
4.4402998964e+01
2.0664199616e+00
1.3617327761e+02
5.5286532866e+01
CMTX
25
6:7:8:9:10
BARREL
RPHI
FLOATPT
2.0000000000e+00 3.0000000000e+00
-inf inf
1
2
10
1.3831329628e+00
-3.3382109777e-03
-3.7862038402e+00
9.0278730956e-03
-3.2370046990e+00
7.7338430868e-03
4.1876480426e+00
-1.0138313578e-02
1.4521714779e+00
-3.5368730828e-03
-1.0393948241e+00
2.4967805434e-03
2.3303588539e+00
-5.5442760580e-03
1.9601692207e+00
-4.6973534307e-03
-1.6211169913e+00
3.9292332352e-03
-6.2992700843e-01
1.5354240363e-03
QVEC
25
6:7:8:9:10
BARREL
RPHI
FLOATPT
2.0000000000e+00 3.0000000000e+00
-inf inf
1
1
2
4.3012953661e-01
-6.0879231963e-03
AMTX
25
6:7:8:9:10
BARREL
RPHI
FLOATPT
2.0000000000e+00 3.0000000000e+00
-inf inf
1
8
10
4.7681729943e+02
-1.1125494517e+00
-1.8984694353e+03
4.5259711481e+00
2.3124313854e+03
-5.5383545479e+00
-9.0736344989e+02
2.1973641181e+00
1.6537018667e+01
-6.9297709074e-02
-1.0439947020e+03
2.4742510230e+00
1.3127121552e+03
-3.1256096824e+00
7.2164170129e+02
-1.7398673937e+00
-1.4477400912e+03
3.5047254596e+00
4.5744400998e+02
-1.1175662679e+00
-6.1751594592e+02
1.4808067997e+00
1.8107993719e+02
-4.2908993576e-01
5.3313754258e+02
-1.2763178379e+00
6.4187408507e+02
-1.5596109709e+00
-7.3857427881e+02
1.8139928349e+00
3.6344494944e+01
-8.8773922592e-02
2.0666091421e+01
-4.2751498996e-02
2.2923131643e+00
-8.2976859565e-03
-1.9031241431e+01
5.4890950556e-02
-4.0205435428e+01
6.6575296830e-02
-3.4703963681e-02
6.8325221976e-01
-3.5973227289e-02
1.0743327338e-01
-3.5776438471e-02
1.5350783008e-01
-3.5504953513e-02
2.1170649811e-01
-3.7642023560e-02
-7.1320073509e-01
1.0196447914e-01
2.2389405606e-01
1.0304198693e-01
6.7141576584e-01
1.0082095677e-01
-2.6794332986e-01
1.0003455014e-01
-6.0124190405e-01
1.0165005846e-01
5.3925788555e-02
1.3264190772e-01
8.5337205907e-02
1.3205821121e-01
-1.8292829890e-01
1.3053843131e-01
-8.4817992223e-01
1.3341236712e-01
3.1089481061e-01
1.3256643726e-01
-6.9377925296e-02
9.1434251655e-02
1.7216563257e-01
9.2113740380e-02
4.5980373487e-01
9.1451649599e-02
1.7950712296e-01
9.2504311025e-02
6.1390979650e-01
9.2075843216e-02
4.3192097513e-01
KVEC
25
6:7:8:9:10
BARREL
RPHI
FLOATPT
2.0000000000e+00 3.0000000000e+00
-inf inf
1
1
8
-1.3940558236e+00
4.3107028011e-02
2.3970589801e+00
-2.2411295844e+00
-1.8218208482e+01
-2.3054112546e+01
-4.3283616002e+01
1.4311384529e+02
CMTX
25
6:7:8:9:10
BARREL
RPHI
FLOATPT
2.0000000000e+00 3.0000000000e+00
-inf inf
-1
2
10
1.4008851415e+00
3.1021679617e-03
-2.0910702843e+00
-4.9269574384e-03
-3.4586497537e+00
-8.2387999159e-03
-3.0640552895e-01
-7.6154519086e-04
4.4554847895e+00
1.0853565640e-02
-1.0515653959e+00
-2.3883026771e-03
1.5856165581e+00
3.7429224119e-03
2.0751514530e+00
4.9507641624e-03
3.2508775886e-01
7.9948695986e-04
-1.9344029972e+00
-4.6974007861e-03
QVEC
25
6:7:8:9:10
BARREL
RPHI
FLOATPT
2.0000000000e+00 3.0000000000e+00
-inf inf
-1
1
2
-4.2323853930e-01
8.9970334102e-04
AMTX
25
6:7:8:9:10
BARREL
RPHI
FLOATPT
2.0000000000e+00 3.0000000000e+00
-inf inf
-1
8
10
-5.0345410697e+02
-1.2442693250e+00
9.3645360251e+02
2.2079273793e+00
8.4033541872e+02
1.9966914360e+00
-2.5923206904e+03
-6.2630623929e+00
1.3189839010e+03
3.2535832638e+00
6.5189202160e+02
1.5356182942e+00
-2.1913334535e+03
-5.2047583257e+00
2.1499187566e+03
5.1473220860e+00
-3.5252848057e+02
-8.5013954046e-01
-2.5795614838e+02
-6.5251086766e-01
-1.0522070408e+03
-2.4563367499e+00
5.9036545996e+02
1.3899609832e+00
8.8435325306e+02
2.1077043642e+00
3.2429807758e+02
7.8427159089e-01
-7.4682955445e+02
-1.7904498343e+00
-3.6454591947e+01
-7.6388159432e-02
-2.0986738542e+01
-4.6476259443e-02
-2.3259151660e+00
-2.0557904628e-02
1.9298568365e+01
5.1406709728e-02
4.0396690843e+01
9.3910044978e-02
2.9804116004e-02
6.1169004750e-01
3.0870620141e-02
1.6746065005e-01
3.0016623735e-02
5.2193762089e-01
3.1105521713e-02
5.9063104043e-02
3.2736106686e-02
-5.9986396411e-01
2.8542913055e-03
4.8165615824e-02
4.4196486522e-03
-6.1500014297e-01
2.7799274811e-03
7.2761439203e-02
1.0667445668e-03
7.8120601697e-01
2.9059877022e-03
1.8378753904e-02
-1.1026016149e-01
5.4116065155e-02
-1.0993987260e-01
-1.1298797723e-01
-1.0869695553e-01
-6.7672877285e-01
-1.1040657206e-01
-1.3295102758e-02
-1.0910284108e-01
-5.9473972316e-01
7.4270596286e-02
4.9448796301e-01
7.4318246229e-02
4.5410938501e-01
7.6321850693e-02
-4.0009671612e-01
7.4462220529e-02
3.5499944722e-01
7.4472749212e-02
3.3709899212e-01
KVEC
25
6:7:8:9:10
BARREL
RPHI
FLOATPT
2.0000000000e+00 3.0000000000e+00
-inf inf
-1
1
8
5.7182043498e-01
-2.7240953498e+00
1.9311851436e+00
-3.8921127352e-01
6.6877475660e+00
4.6796359555e+01
-1.1583476062e+02
8.1334155257e+01
CMTX
25
5:7:8:9:10
BARREL
RPHI
FLOATPT
2.0000000000e+00 3.0000000000e+00
-inf inf
1
2
10
1.1363719660e+00
-2.6270609297e-03
-4.3317126746e+00
1.0329617068e-02
-2.4374113474e+00
5.7784218648e-03
4.3459883234e+00
-1.0521923781e-02
1.2864828789e+00
-3.1381938837e-03
-8.3742944641e-01
1.9616827265e-03
2.7050682374e+00
-6.4389698366e-03
1.3690935255e+00
-3.2553814103e-03
-1.7283516650e+00
4.1901303142e-03
-5.0827950534e-01
1.2396927336e-03
QVEC
25
5:7:8:9:10
BARREL
RPHI
FLOATPT
2.0000000000e+00 3.0000000000e+00
-inf inf
1
1
2
4.3021133067e-01
-6.6154757265e-03
AMTX
25
5:7:8:9:10
BARREL
RPHI
FLOATPT
2.0000000000e+00 3.0000000000e+00
-inf inf
1
8
10
1.4691821006e+02
-3.9427613576e-01
-1.5733001003e+03
3.7526423911e+00
2.4925419993e+03
-5.9698127842e+00
-1.1016543671e+03
2.6648845495e+00
3.5471094484e+01
-1.0768306339e-01
-2.9561640724e+02
6.9228491695e-01
9.3610012209e+02
-2.2294642046e+00
-2.0349170261e+01
4.9908198395e-02
-1.3973074171e+03
3.3871356364e+00
7.7722153317e+02
-1.9070372337e+00
-4.4724185700e+02
1.0530195972e+00
3.8534686533e+02
-9.1657867632e-01
3.3147652566e+02
-7.8200428817e-01
1.2723576778e+02
-3.1063162349e-01
-3.9680108924e+02
9.7253979633e-01
3.6302697710e+01
-8.7313386905e-02
1.3890174572e+01
-2.6479503497e-02
-3.0916696978e-01
-2.7349288147e-03
-1.6759443250e+01
4.9392509637e-02
-3.3060559800e+01
4.9012955438e-02
-8.1776661168e-02
9.4219678635e-01
-8.4497270564e-02
-2.1712792496e-01
-8.5064698188e-02
-4.6124821616e-01
-8.3643259938e-02
1.3612797997e-01
-8.4495046511e-02
-2.1708918859e-01
1.2178063205e-01
7.2457106318e-02
1.2269012477e-01
4.6679697288e-01
1.2032551097e-01
-5.1648480120e-01
1.2022010188e-01
-5.4324900729e-01
1.2241586385e-01
3.6957213583e-01
1.2561057041e-01
-1.6583886218e-01
1.2525409444e-01
-3.0241093513e-01
1.2504448405e-01
-3.8290501997e-01
1.2731946666e-01
5.7006886043e-01
1.2716163219e-01
5.1010895410e-01
-1.4393387141e-01
2.6356705373e-01
-1.4536011997e-01
-2.1866234354e-01
-1.4407935297e-01
3.8849670593e-01
-1.4576921675e-01
-2.2366454089e-01
-1.4376329012e-01
6.7630381786e-01
KVEC
25
5:7:8:9:10
BARREL
RPHI
FLOATPT
2.0000000000e+00 3.0000000000e+00
-inf inf
1
1
8
-2.2416959521e+00
-5.8403680960e-01
1.9473728800e+00
-2.2692993382e+00
-3.2953422135e+01
-1.7416980391e+01
6.0963086254e+01
7.3571957644e+01
CMTX
25
5:7:8:9:10
BARREL
RPHI
FLOATPT
2.0000000000e+00 3.0000000000e+00
-inf inf
-1
2
10
9.6756911243e-01
2.2789965875e-03
-2.3990477805e+00
-5.6604448444e-03
-2.7960554422e+00
-6.6368509685e-03
2.1466580199e-01
5.0185846854e-04
4.0131034694e+00
9.8167257659e-03
-7.6936543990e-01
-1.8139474787e-03
1.9159208769e+00
4.5313739726e-03
1.5442955635e+00
3.6711592855e-03
-1.0289990981e-01
-2.3552138152e-04
-1.5880544455e+00
-3.8897204172e-03
QVEC
25
5:7:8:9:10
BARREL
RPHI
FLOATPT
2.0000000000e+00 3.0000000000e+00
-inf inf
-1
1
2
-4.3656206672e-01
8.8965408407e-03
AMTX
25
5:7:8:9:10
BARREL
RPHI
FLOATPT
2.0000000000e+00 3.0000000000e+00
-inf inf
-1
8
10
2.5669371332e+01
2.5669829670e-02
4.0959638517e+02
9.8316152057e-01
-1.8221428401e+03
-4.3475266657e+00
2.3882999265e+03
5.7676782797e+00
-1.0014243085e+03
-2.4549862112e+00
2.6693320511e+02
6.2333557646e-01
-1.9570476217e+03
-4.6492991999e+00
1.6841330290e+03
4.0358246393e+00
1.1415234477e+03
2.7573584592e+00
-1.1355601948e+03
-2.7750886691e+00
4.9224533138e+02
1.1570643605e+00
-4.6922960479e+02
-1.1108374213e+00
-3.5033138214e+02
-8.2980260963e-01
-3.8649517474e+01
-9.4571160046e-02
3.6596659797e+02
9.0042969473e-01
3.6439088575e+01
8.5902874566e-02
1.4028942839e+01
3.0146316034e-02
-3.2922390070e-01
1.5003132899e-02
-1.6940028472e+01
-4.5484977492e-02
-3.3129327672e+01
-7.5226318128e-02
3.7431937072e-02
9.2602175875e-01
3.9406932991e-02
6.6735094878e-02
4.0909210582e-02
-5.7398670942e-01
3.9625696142e-02
-4.1740001527e-02
3.9003098398e-02
1.9667100381e-01
5.6780837519e-04
-1.2406760945e-02
-9.1947520225e-04
6.2072813831e-01
4.2403235591e-04
5.8839273719e-02
2.4202406977e-03
-7.6634335679e-01
9.3144210238e-04
-1.4381495995e-01
-1.8703837939e-02
2.6397458261e-01
-1.7868075225e-02
-1.0967005760e-01
-1.8371117703e-02
9.1292060764e-02
-1.8379351210e-02
8.3421315251e-02
-1.5994791834e-02
-9.0372749847e-01
-1.8163906922e-01
-3.2928084206e-01
-1.8192032563e-01
-2.8227965138e-01
-1.8113300095e-01
-6.5372621566e-01
-1.8221707651e-01
-2.4935820794e-01
-1.8261078265e-01
-1.3300532289e-01
KVEC
25
5:7:8:9:10
BARREL
RPHI
FLOATPT
2.0000000000e+00 3.0000000000e+00
-inf inf
-1
1
8
-1.1313406296e+00
-1.2841071467e+00
2.4301714500e+00
9.5433311581e-01
2.9413911544e+00
-4.8257531696e+01
-8.3331430738e+01
-1.0379501616e+02
CMTX
25
5:6:8:9:10
BARREL
RPHI
FLOATPT
2.0000000000e+00 3.0000000000e+00
-inf inf
1
2
10
2.1199120273e+00
-4.9367563776e-03
-3.8721250360e+00
9.1293398308e-03
-3.5063038038e+00
8.2903553113e-03
3.8749294244e+00
-9.3896305414e-03
1.3834539653e+00
-3.3206057017e-03
-1.5084137246e+00
3.5400636375e-03
2.5386526807e+00
-5.9919541493e-03
1.9228357755e+00
-4.5499881987e-03
-1.4012435772e+00
3.4043751077e-03
-5.5182467739e-01
1.3120107535e-03
QVEC
25
5:6:8:9:10
BARREL
RPHI
FLOATPT
2.0000000000e+00 3.0000000000e+00
-inf inf
1
1
2
4.2975229814e-01
-5.7341756998e-03
AMTX
25
5:6:8:9:10
BARREL
RPHI
FLOATPT
2.0000000000e+00 3.0000000000e+00
-inf inf
1
8
10
5.0218833317e+02
-1.2261870875e+00
-1.4049529749e+03
3.3419519706e+00
2.1701773764e+03
-5.2158867246e+00
-1.4015754336e+03
3.3895080891e+00
1.3419442190e+02
-3.3458739374e-01
-6.0591217633e+02
1.4230968015e+00
1.0233530829e+03
-2.4390688112e+00
1.1137992530e+01
-1.1628943608e-02
-1.1560223974e+03
2.8044324603e+00
7.2745722398e+02
-1.7936708557e+00
-4.9472006679e+02
1.1646984059e+00
2.6731798060e+02
-6.2325047502e-01
4.5642429550e+02
-1.0781590052e+00
2.1863733267e+02
-5.3122832530e-01
-4.4765701638e+02
1.0920485927e+00
2.9242521391e+01
-7.0540002193e-02
2.0401042098e+01
-5.1767893291e-02
-2.3680474824e+00
2.5118920295e-03
-1.6573087760e+01
4.9327311600e-02
-3.0643233671e+01
4.3143022961e-02
6.9196624188e-02
-9.0127012700e-01
7.0245309498e-02
-4.4328788120e-01
7.2115554340e-02
3.7068882003e-01
7.0902501157e-02
-1.2498393508e-01
7.2041842423e-02
3.6136730526e-01
6.2084863716e-02
2.6266788916e-01
6.0376085982e-02
-4.4739346815e-01
5.9891004138e-02
-5.9352386448e-01
6.0654134739e-02
-2.3452867892e-01
6.2543705511e-02
5.7406520629e-01
-7.2312624249e-02
4.4236326841e-02
-7.2325828411e-02
5.0537796612e-02
-7.2229907928e-02
1.1803400764e-01
-7.4763173867e-02
-9.1269317650e-01
-7.3060405590e-02
-1.9286929461e-01
-2.0686367756e-01
4.0682680157e-01
-2.0857418616e-01
-2.7623244195e-01
-2.0676388912e-01
5.6546677090e-01
-2.0804674242e-01
9.0608076320e-02
-2.0758197322e-01
3.3070184385e-01
KVEC
25
5:6:8:9:10
BARREL
RPHI
FLOATPT
2.0000000000e+00 3.0000000000e+00
-inf inf
1
1
8
-1.5314000748e+00
-1.1338705811e+00
1.9806711496e+00
-2.6738764395e+00
1.7437965744e+01
-8.9101110381e+00
-9.1135160396e+01
8.0375787983e+01
CMTX
25
5:6:8:9:10
BARREL
RPHI
FLOATPT
2.0000000000e+00 3.0000000000e+00
-inf inf
-1
2
10
1.5815197339e+00
3.7301807088e-03
-2.2982634048e+00
-5.6111812431e-03
-3.2055121719e+00
-7.6395726169e-03
-1.9041037891e-01
-4.8565429693e-04
4.1128746843e+00
1.0167986172e-02
-1.3180651687e+00
-3.1049916902e-03
1.9655395563e+00
4.7167449684e-03
1.7760846267e+00
4.2393244552e-03
1.8957602675e-01
4.7647397730e-04
-1.6132178581e+00
-4.0361580324e-03
QVEC
25
5:6:8:9:10
BARREL
RPHI
FLOATPT
2.0000000000e+00 3.0000000000e+00
-inf inf
-1
1
2
-4.3723464533e-01
1.2715091921e-02
AMTX
25
5:6:8:9:10
BARREL
RPHI
FLOATPT
2.0000000000e+00 3.0000000000e+00
-inf inf
-1
8
10
6.3465373189e+01
1.8711999060e-01
-3.4141094165e+02
-8.5785197984e-01
1.7046232897e+03
4.0610373541e+00
-2.4796404553e+03
-5.9922183722e+00
1.0529611145e+03
2.5989995553e+00
-7.7391090755e+02
-1.8091105785e+00
1.8676070995e+03
4.3701628752e+00
-1.3452104262e+03
-3.2193928247e+00
-7.6854049417e+02
-1.8540317050e+00
1.0200858392e+03
2.4216868467e+00
5.8516417590e+02
1.3751250232e+00
-3.8181659263e+02
-9.1368714125e-01
-5.0079845396e+02
-1.1923649001e+00
-1.0558112281e+02
-2.5722136714e-01
4.0303017446e+02
1.0071319334e+00
-2.9491025193e+01
-7.0282261040e-02
-2.0439530494e+01
-3.8285879177e-02
2.3546219390e+00
-9.4528157822e-03
1.6742847201e+01
4.5730638139e-02
3.0766558374e+01
6.9471426111e-02
2.6122655646e-02
8.7830224494e-01
2.8928145765e-02
-3.1206635472e-01
2.9550133422e-02
-5.7638009222e-01
2.8336920544e-02
-6.1089498165e-02
2.7509614518e-02
2.6474062710e-01
-4.6544253450e-02
-4.0449715198e-01
-4.6083520280e-02
-5.7322340692e-01
-4.7357767338e-02
-1.1789510766e-02
-4.6486496894e-02
-3.5313875476e-01
-4.8742876286e-02
5.8406331980e-01
5.8982617403e-02
-9.1830776271e-02
5.8712785202e-02
3.4479182347e-02
5.8814210235e-02
-7.3005567025e-03
5.6837633129e-02
8.1579927302e-01
5.7630208900e-02
4.8678079018e-01
-1.5477472403e-01
-3.5318934655e-01
-1.5544315562e-01
-1.1017221927e-01
-1.5427535583e-01
-6.7932749431e-01
-1.5650875587e-01
1.9854063491e-01
-1.5539820303e-01
-3.0893466027e-01
KVEC
25
5:6:8:9:10
BARREL
RPHI
FLOATPT
2.0000000000e+00 3.0000000000e+00
-inf inf
-1
1
8
1.1469581498e+00
-6.9985044197e+00
3.2801531909e+00
-6.6362546541e-01
-7.2313410392e+00
9.5598209583e-01
1.2361496480e+02
-7.4907486568e+01
CMTX
25
5:6:7:9:10
BARREL
RPHI
FLOATPT
2.0000000000e+00 3.0000000000e+00
-inf inf
1
2
10
2.0810614825e+00
-4.9219541945e-03
-2.5483603832e+00
6.0144111784e-03
-3.7858847592e+00
9.0350144628e-03
3.0978847773e+00
-7.5092776967e-03
1.1550554238e+00
-2.8058058419e-03
-1.4748878607e+00
3.5018577503e-03
1.7482469571e+00
-4.1304028005e-03
2.1480595938e+00
-5.1153181165e-03
-1.0004035475e+00
2.4336127570e-03
-4.2094470556e-01
1.0167208772e-03
QVEC
25
5:6:7:9:10
BARREL
RPHI
FLOATPT
2.0000000000e+00 3.0000000000e+00
-inf inf
1
1
2
4.2615426334e-01
-4.5768411940e-03
AMTX
25
5:6:7:9:10
BARREL
RPHI
FLOATPT
2.0000000000e+00 3.0000000000e+00
-inf inf
1
8
10
5.7757861756e+02
-1.3693662705e+00
-2.0710363717e+03
4.9090765359e+00
1.9472703877e+03
-4.6373854607e+00
-5.5500348169e+02
1.3398178170e+00
1.0126082838e+02
-2.2721607068e-01
-4.4639869143e+02
1.0473202877e+00
6.0329795755e+02
-1.4443123620e+00
3.5690940768e+02
-8.5096890342e-01
-1.3170133542e+03
3.1936468006e+00
8.0323345290e+02
-1.9752414872e+00
5.5000828310e+02
-1.3048074491e+00
-2.1597447284e+02
5.0574056463e-01
-4.6897189991e+02
1.1164175475e+00
-2.0508349280e+02
4.9795409267e-01
3.4000393126e+02
-8.3306553093e-01
2.6125031983e+01
-6.3725490967e-02
1.7517119919e+01
-4.4530352728e-02
7.2715889642e+00
-1.1053306982e-02
-1.8558802159e+01
5.3701400272e-02
-3.2298750106e+01
4.7226018894e-02
-1.1049956020e-01
8.5338903117e-01
-1.1134623916e-01
4.8846234679e-01
-1.1271143974e-01
-9.9986290743e-02
-1.1198302126e-01
1.8259933224e-01
-1.1346183624e-01
-4.4174770673e-01
-8.6125214996e-02
2.5666002517e-01
-8.7970549961e-02
-5.0028357973e-01
-8.8388671536e-02
-6.4652541411e-01
-8.6198146314e-02
3.3835863073e-01
-8.6280506623e-02
3.3912020560e-01
5.7824446460e-02
-4.6152345357e-01
5.9453433422e-02
1.9673595762e-01
5.8498852499e-02
-2.4418455707e-01
6.0928258377e-02
6.6848393733e-01
5.8401134436e-02
-4.1728191515e-01
9.0136253021e-02
1.7866421037e-01
9.0110879064e-02
1.7512004892e-01
9.0707736370e-02
4.3861014072e-01
9.0893210131e-02
5.3202593626e-01
9.0909884401e-02
5.4463573069e-01
KVEC
25
5:6:7:9:10
BARREL
RPHI
FLOATPT
2.0000000000e+00 3.0000000000e+00
-inf inf
1
1
8
2.2777801693e+00
-1.8706894921e+00
-1.3508439063e+00
-2.1683399817e+00
-4.9550518148e-01
2.1262599887e+01
-1.3498780540e+00
1.3883038147e+02
CMTX
25
5:6:7:9:10
BARREL
RPHI
FLOATPT
2.0000000000e+00 3.0000000000e+00
-inf inf
-1
2
10
1.7323491094e+00
4.1133598508e-03
-1.9690009376e+00
-4.8383265379e-03
-2.6604505271e+00
-6.3173052958e-03
-7.8621831981e-01
-1.9244030529e-03
3.6835131765e+00
9.1130632691e-03
-1.3726003742e+00
-3.2473057446e-03
1.6234981614e+00
3.9104099894e-03
1.6670225321e+00
3.9638375634e-03
4.1570776930e-01
1.0215683649e-03
-1.3337029253e+00
-3.3431629514e-03
QVEC
25
5:6:7:9:10
BARREL
RPHI
FLOATPT
2.0000000000e+00 3.0000000000e+00
-inf inf
-1
1
2
-4.3413613672e-01
1.0517643065e-02
AMTX
25
5:6:7:9:10
BARREL
RPHI
FLOATPT
2.0000000000e+00 3.0000000000e+00
-inf inf
-1
8
10
-2.2747973193e+02
-5.5161961448e-01
1.2717971079e+03
3.0420737928e+00
-1.9343945350e+03
-4.5756304273e+00
1.9682639515e+03
4.7566765994e+00
-1.0781840220e+03
-2.6922748864e+00
-7.0244568997e+02
-1.6264495181e+00
1.8922591320e+03
4.4167756447e+00
-8.2263699216e+02
-1.9419374139e+00
-1.4946978844e+03
-3.6095547093e+00
1.1275488926e+03
2.6876013715e+00
-5.9972431129e+02
-1.4133672020e+00
2.6249331292e+02
6.3130147614e-01
5.1728620954e+02
1.2289708479e+00
1.1037223030e+02
2.6852626566e-01
-2.9042376039e+02
-7.2825997424e-01
-2.6306834564e+01
-6.5449541036e-02
-1.7503148433e+01
-3.0216400154e-02
-7.4143069563e+00
-1.4061669034e-02
1.8741997053e+01
5.0355689230e-02
3.2420497741e+01
7.2634675275e-02
6.4371148074e-02
9.5382569863e-01
6.7425986721e-02
-3.1865987963e-01
6.6621867507e-02
4.4013508649e-02
6.7131259594e-02
-1.0378404787e-01
6.6237886937e-02
2.8261652778e-01
-9.3446381164e-03
-6.2330079385e-02
-8.9079868323e-03
-2.3521173555e-01
-7.9444049486e-03
-6.4094858427e-01
-1.1031113600e-02
6.6295079101e-01
-1.0155412683e-02
2.9955159785e-01
-4.5795712970e-02
-3.8380811942e-01
-4.5318772036e-02
-5.5957439566e-01
-4.6738704973e-02
4.8190141871e-02
-4.5472985137e-02
-4.3971451718e-01
-4.7851769623e-02
5.4970398865e-01
1.1235171250e-01
-7.1629871040e-02
1.1126578847e-01
4.0355821341e-01
1.1116563601e-01
4.4073792059e-01
1.1152529027e-01
2.9658739831e-01
1.1078986668e-01
6.0625274418e-01
KVEC
25
5:6:7:9:10
BARREL
RPHI
FLOATPT
2.0000000000e+00 3.0000000000e+00
-inf inf
-1
1
8
-4.9940317361e+00
-6.3191342475e+00
-2.4050699573e+00
4.2748499314e-01
3.4217858216e+01
4.8751064081e+01
-6.2118758482e+00
1.2715211324e+02
CMTX
25
5:6:7:8:10
BARREL
RPHI
FLOATPT
2.0000000000e+00 3.0000000000e+00
-inf inf
1
2
10
2.0437882739e+00
-4.8589251342e-03
-3.2851635661e+00
7.7482116681e-03
-2.7601832695e+00
6.5927132869e-03
1.4821223759e+00
-3.6522206428e-03
2.5192893943e+00
-6.1575282212e-03
-1.4333315485e+00
3.4050698411e-03
1.9653018241e+00
-4.6387654097e-03
1.6351822025e+00
-3.8925061448e-03
-2.4314919021e-01
6.3184910352e-04
-9.2397120350e-01
2.2506220818e-03
QVEC
25
5:6:7:8:10
BARREL
RPHI
FLOATPT
2.0000000000e+00 3.0000000000e+00
-inf inf
1
1
2
4.3478510743e-01
-7.7199659779e-03
AMTX
25
5:6:7:8:10
BARREL
RPHI
FLOATPT
2.0000000000e+00 3.0000000000e+00
-inf inf
1
8
10
3.3006870314e+02
-7.5795382739e-01
-1.5282308372e+03
3.6140092416e+00
2.3175800885e+03
-5.5231977701e+00
-1.2626548330e+03
3.0045303922e+00
1.4330798104e+02
-3.2442262967e-01
7.1529095163e+02
-1.7114852367e+00
-1.5190696638e+03
3.6206957897e+00
-2.2618179679e+02
5.4271285362e-01
1.5512442158e+03
-3.7353087065e+00
-5.2127992128e+02
1.2791533923e+00
-5.2028552358e+02
1.2260216362e+00
1.4045528276e+02
-3.2533909748e-01
3.6364913722e+02
-8.6463608272e-01
3.2627411037e+02
-7.6769180763e-01
-3.1007675067e+02
7.5752554944e-01
-2.7419367502e+01
6.6100032476e-02
-1.7310525932e+01
4.4178212056e-02
-5.2817513193e+00
5.9364441441e-03
8.7648115613e+00
-1.8271963530e-02
4.1194946178e+01
-6.9243770946e-02
7.4914565956e-02
-9.1190311863e-01
7.6054563538e-02
-4.1775140134e-01
7.7201946189e-02
7.4920667321e-02
7.7914559831e-02
3.8472211160e-01
7.7806279013e-02
3.5235976068e-01
2.8071950485e-02
2.4561486034e-01
2.6155474917e-02
-5.4804440930e-01
2.6669638798e-02
-2.9765534894e-01
2.6113158966e-02
-5.0238820210e-01
2.8507698270e-02
5.6818962996e-01
-1.9360526597e-01
1.1073700590e-01
-1.9448466102e-01
-2.4022844717e-01
-1.9552834033e-01
-6.6503037531e-01
-1.9286003261e-01
4.7387998706e-01
-1.9451120274e-01
-1.6264817732e-01
-1.1172694912e-01
3.7288981762e-01
-1.1262303702e-01
2.9384487822e-02
-1.1178625769e-01
4.1834052320e-01
-1.1176767775e-01
4.6551987384e-01
-1.1184498880e-01
5.2461387325e-01
KVEC
25
5:6:7:8:10
BARREL
RPHI
FLOATPT
2.0000000000e+00 3.0000000000e+00
-inf inf
1
1
8
1.3185929092e+00
7.4240858389e-01
2.2115543207e+00
3.0755234267e+00
3.2971587615e+01
-1.8323622523e+00
-2.6097571297e+01
1.1831531742e+02
CMTX
25
5:6:7:8:10
BARREL
RPHI
FLOATPT
2.0000000000e+00 3.0000000000e+00
-inf inf
-1
2
10
1.4811604986e+00
3.4983545729e-03
-1.5091706725e+00
-3.7450530054e-03
-1.4639152107e+00
-3.4652444765e-03
-2.4041525701e+00
-5.7174764787e-03
3.8962897550e+00
9.6085317041e-03
-1.2475631620e+00
-2.9413930609e-03
1.3925132432e+00
3.3607938440e-03
1.0713434981e+00
2.5442628370e-03
1.2126303477e+00
2.8873772921e-03
-1.4290083991e+00
-3.5638886195e-03
QVEC
25
5:6:7:8:10
BARREL
RPHI
FLOATPT
2.0000000000e+00 3.0000000000e+00
-inf inf
-1
1
2
-4.3718106392e-01
1.2237124301e-02
AMTX
25
5:6:7:8:10
BARREL
RPHI
FLOATPT
2.0000000000e+00 3.0000000000e+00
-inf inf
-1
8
10
2.3821885986e+02
5.4780888631e-01
-1.2859211766e+03
-3.0341053510e+00
2.4003110851e+03
5.6926607695e+00
-1.6387438558e+03
-3.9252147542e+00
2.8613251861e+02
7.4799127008e-01
-7.7029095592e+02
-1.8113578207e+00
1.9526939333e+03
4.5888859506e+00
-1.2220665609e+02
-2.6858574125e-01
-1.7098184399e+03
-4.0863791985e+00
6.4965393732e+02
1.5092864953e+00
5.5565622206e+02
1.3061064241e+00
-1.7355271151e+02
-4.2004495211e-01
-3.9155525313e+02
-9.2864016931e-01
-3.0215299408e+02
-7.1546481922e-01
3.1160408412e+02
7.7543525575e-01
2.7653321257e+01
6.5326910006e-02
1.7290459988e+01
3.1297018008e-02
5.4183961497e+00
8.8329765451e-03
-8.8495837593e+00
-6.1062753848e-03
-4.1454061047e+01
-9.5655174071e-02
2.7868422371e-02
8.8050737015e-01
3.0660737005e-02
-3.0558370421e-01
2.9930094205e-02
-2.1762885446e-03
3.1293167317e-02
-5.7735931111e-01
2.9237935751e-02
2.6623097723e-01
-5.2741618685e-02
-3.8581139243e-01
-5.2228791552e-02
-5.7661460839e-01
-5.2671485186e-02
-3.8371106373e-01
-5.3478958677e-02
-2.8325666444e-02
-5.4893396712e-02
5.7935688779e-01
9.9929163241e-02
-7.7028641804e-02
9.9488225717e-02
1.3000177197e-01
9.8175568426e-02
6.8775263898e-01
9.9590133123e-02
1.0613939191e-01
9.8488917723e-02
5.8429814608e-01
1.3254817710e-01
3.9097846324e-01
1.3360338512e-01
-2.1218172019e-02
1.3431088264e-01
-2.8329109423e-01
1.3203738873e-01
7.1098043347e-01
1.3360945483e-01
1.4755137628e-01
KVEC
25
5:6:7:8:10
BARREL
RPHI
FLOATPT
2.0000000000e+00 3.0000000000e+00
-inf inf
-1
1
8
4.7467968345e+00
-6.4478541713e+00
2.7409741174e+00
8.9607844836e-01
-1.5451578598e+00
1.1477000907e+01
1.0833063438e+02
5.9039553890e+01
CMTX
25
5:6:7:8:9
BARREL
RPHI
FLOATPT
2.0000000000e+00 3.0000000000e+00
-inf inf
1
2
10
2.0926799875e+00
-4.8872615262e-03
-2.5532998126e+00
6.0422715039e-03
-3.4751592534e+00
8.2899704590e-03
-1.7389432195e+00
4.0774265820e-03
5.6744594820e+00
-1.3750622836e-02
-1.4518441783e+00
3.4166134382e-03
1.6992157184e+00
-4.0194823612e-03
1.8987777490e+00
-4.5186951597e-03
9.3140016847e-01
-2.1866852123e-03
-2.0774740483e+00
5.0419932663e-03
QVEC
25
5:6:7:8:9
BARREL
RPHI
FLOATPT
2.0000000000e+00 3.0000000000e+00
-inf inf
1
1
2
4.3263766943e-01
-8.3926326775e-03
AMTX
25
5:6:7:8:9
BARREL
RPHI
FLOATPT
2.0000000000e+00 3.0000000000e+00
-inf inf
1
8
10
-1.5716596901e+01
-6.4212884471e-03
5.2643810431e+02
-1.2382967905e+00
-1.9365657508e+03
4.6185084094e+00
2.2884812099e+03
-5.4743157924e+00
-8.6267463782e+02
2.0872463831e+00
-6.7417275490e+02
1.6117155496e+00
2.1069657764e+03
-5.0046550212e+00
-1.1628482269e+03
2.7666702870e+00
-1.1439100921e+03
2.7666076365e+00
8.7390709058e+02
-2.1105679190e+00
6.4802034790e+02
-1.5264029352e+00
-3.5918408363e+02
8.5101406829e-01
-5.1906177057e+02
1.2350890191e+00
-1.9273504347e+02
4.4582724517e-01
4.2293342638e+02
-1.0245690661e+00
-3.9880637267e+01
9.7776034579e-02
-2.3108918572e+01
6.2817444509e-02
-3.2877744586e+00
1.5584528409e-03
1.9771611675e+01
-4.4435258528e-02
4.6454647521e+01
-1.2056267044e-01
-6.5274324317e-02
9.5518792033e-01
-6.6802919789e-02
3.1353782445e-01
-6.7864904077e-02
-1.1807487200e-01
-6.8697606489e-02
-4.5447379000e-01
-6.7363606302e-02
1.2885560879e-01
-9.4121472257e-02
7.8233535845e-03
-9.4928276695e-02
-3.2587299074e-01
-9.5826518116e-02
-6.9949965663e-01
-9.3691624515e-02
2.0068610302e-01
-9.2847505150e-02
5.5592911834e-01
7.9128078387e-02
-5.5452135075e-02
7.7882402518e-02
-5.9693239344e-01
7.8776195498e-02
-2.2714667119e-01
7.7856422426e-02
-6.2457618863e-01
7.8555774325e-02
-3.4295313766e-01
-1.9804431137e-01
2.7017867179e-01
-1.9922955544e-01
-2.0191598736e-01
-1.9913925445e-01
-1.3769981819e-01
-1.9784957223e-01
4.3526966523e-01
-2.0049900299e-01
-6.2125628776e-01
KVEC
25
5:6:7:8:9
BARREL
RPHI
FLOATPT
2.0000000000e+00 3.0000000000e+00
-inf inf
1
1
8
8.1454717167e-01
1.1566350045e+00
-1.9099400033e+00
-7.1327860719e-01
6.7938055151e+00
1.5471398255e+01
-1.0641150828e+02
-3.4486798964e+01
CMTX
25
5:6:7:8:9
BARREL
RPHI
FLOATPT
2.0000000000e+00 3.0000000000e+00
-inf inf
-1
2
10
2.0982927468e+00
4.8703454705e-03
-2.6225003706e+00
-6.2076263057e-03
-3.2976907057e+00
-7.8098535714e-03
-1.8811102011e+00
-4.4265423691e-03
5.7031730520e+00
1.3753278670e-02
-1.4708473610e+00
-3.4357379099e-03
1.7924060362e+00
4.2410558008e-03
1.7497874857e+00
4.1506100529e-03
1.0218306950e+00
2.4141422471e-03
-2.0932416000e+00
-5.0395083364e-03
QVEC
25
5:6:7:8:9
BARREL
RPHI
FLOATPT
2.0000000000e+00 3.0000000000e+00
-inf inf
-1
1
2
-4.2827282418e-01
4.2096396735e-03
AMTX
25
5:6:7:8:9
BARREL
RPHI
FLOATPT
2.0000000000e+00 3.0000000000e+00
-inf inf
-1
8
10
2.0175953697e+02
4.5206713380e-01
-1.0945830295e+03
-2.5663086334e+00
2.2010010974e+03
5.2242675847e+00
-1.9233218401e+03
-4.5992503298e+00
6.1514041969e+02
1.4842070698e+00
6.6371753842e+02
1.5699685200e+00
-1.9752875533e+03
-4.6614396287e+00
7.0302798535e+02
1.6447176741e+00
1.6615224264e+03
3.9679142663e+00
-1.0530112968e+03
-2.5458263956e+00
-6.4472997680e+02
-1.5091711099e+00
3.5406593874e+02
8.3180111431e-01
5.2021067677e+02
1.2342198574e+00
1.9151388039e+02
4.4784238687e-01
-4.2105267030e+02
-1.0154310369e+00
4.0124174877e+01
9.4942953914e-02
2.2998424632e+01
4.3405687088e-02
3.5155348674e+00
4.7325916499e-03
-1.9814798495e+01
-3.2133475555e-02
-4.6769173628e+01
-1.1816970970e-01
2.3511929885e-02
9.1797329401e-01
2.6254233436e-02
-2.5860153375e-01
2.5553105319e-02
3.2933668485e-02
2.6984129595e-02
-5.7640840500e-01
2.5790256131e-02
-7.8110062138e-02
-8.5575085180e-03
3.4560706463e-02
-8.3610174562e-03
-5.1927238172e-02
-6.9714158437e-03
-6.4299824984e-01
-8.3611970845e-03
-6.2918406691e-02
-1.0348070478e-02
7.5730729996e-01
-1.1420469394e-01
-3.0411187834e-01
-1.1318632753e-01
-7.3075281179e-01
-1.1413543887e-01
-3.2386522635e-01
-1.1452473733e-01
-1.5552498840e-01
-1.1408167917e-01
-3.3054381943e-01
1.1093240138e-01
3.6423805428e-01
1.1251446793e-01
-2.7376258044e-01
1.1235023137e-01
-1.6358957719e-01
1.1030949743e-01
7.3289220662e-01
1.1244521180e-01
-1.0711671484e-01
KVEC
25
5:6:7:8:9
BARREL
RPHI
FLOATPT
2.0000000000e+00 3.0000000000e+00
-inf inf
-1
1
8
1.7869801246e-01
-2.3474170466e+00
-1.2605166481e+00
-1.1233653661e-01
-3.2794149368e+01
2.9176843861e+01
-8.9823576250e+01
3.1493463999e+01
