CMTX
31
5:6:7:8:9:10
BARREL
RPHI
FLOATPT
2.0000000000e+00 3.0000000000e+00
-inf inf
1
2
12
1.6122948361e+00
-3.7286803169e-03
-1.6368511037e+00
3.9353310561e-03
-2.2323784580e+00
5.2867649918e-03
-2.2339454137e+00
5.2788216942e-03
1.8036975689e+00
-4.3446380673e-03
2.6871522354e+00
-6.5966521829e-03
-1.3101098682e+00
3.0660833987e-03
1.3956622673e+00
-3.3187110380e-03
1.4559986448e+00
-3.4549594120e-03
1.1167802253e+00
-2.6349512139e-03
-6.7870031861e-01
1.6350975130e-03
-9.7963654878e-01
2.4114496814e-03
QVEC
31
5:6:7:8:9:10
BARREL
RPHI
FLOATPT
2.0000000000e+00 3.0000000000e+00
-inf inf
1
1
2
4.3276001675e-01
-8.2888619638e-03
AMTX
31
5:6:7:8:9:10
BARREL
RPHI
FLOATPT
2.0000000000e+00 3.0000000000e+00
-inf inf
1
10
12
3.7345336174e+01
-1.0465302549e-01
3.0250098641e+02
-6.9192686420e-01
-1.6958758605e+03
4.0582015104e+00
2.3959558105e+03
-5.7383231799e+00
-1.1807422178e+03
2.8684000334e+00
1.4080977621e+02
-3.3140139164e-01
5.0660721906e+02
-1.2124245974e+00
-1.8391584988e+03
4.3711813594e+00
1.5616215824e+03
-3.7092965613e+00
6.5442651631e+02
-1.5832645747e+00
-1.3182747899e+03
3.1681973583e+00
4.3479857403e+02
-1.0936466365e+00
6.2651520363e+02
-1.5075625852e+00
-1.2551301216e+03
2.9588074223e+00
-3.6097178753e+02
8.4508620765e-01
7.1000907058e+02
-1.7165246687e+00
1.5106439314e+03
-3.6555156476e+00
-1.2311067576e+03
2.9924976797e+00
5.4915886371e+02
-1.2887051306e+00
-1.6633530585e+02
4.0307960871e-01
-3.7942584799e+02
8.9949869956e-01
-2.9700566034e+02
6.9983582227e-01
-4.2843729652e+01
1.0612868076e-01
3.3643903636e+02
-8.2161083336e-01
2.6759965369e+01
-6.2899123331e-02
1.8164050176e+01
-5.0179490888e-02
8.0776678679e+00
-4.4864361370e-03
-3.8986937385e+00
-1.2664237359e-03
-1.7744506496e+01
6.0975440716e-02
-3.1290792381e+01
8.1116946164e-02
3.3947939276e-02
-8.3139383362e-01
3.4917651229e-02
-4.0912243779e-01
3.5382434790e-02
-1.9734551213e-01
3.7168798992e-02
5.5974164944e-01
3.5883047542e-02
3.3131124283e-02
3.4838337699e-02
-3.9157626349e-01
-6.0391450783e-02
-3.8146966310e-01
-5.8484894179e-02
4.3551163756e-01
-5.8041027152e-02
6.2980449884e-01
-5.9046448417e-02
2.2211716195e-01
-6.0533935244e-02
-3.8749849562e-01
-5.8929243902e-02
2.9013259978e-01
-1.2037724854e-01
3.3476987359e-01
-1.2129010822e-01
-4.9943729625e-02
-1.1997841447e-01
5.0133160986e-01
-1.2046063262e-01
2.9711484417e-01
-1.2040450032e-01
3.1704099930e-01
-1.2245915768e-01
-5.2517881579e-01
1.8167363935e-02
1.9334011586e-01
1.7198412042e-02
-2.0108844977e-01
1.7622167976e-02
6.4360315602e-03
1.7294575630e-02
-1.0946805954e-01
1.5554270730e-02
-7.9749828865e-01
1.6392749490e-02
-4.1837345714e-01
-2.1219375135e-02
3.5408412842e-01
-2.1670534877e-02
1.9433777103e-01
-2.3052450152e-02
-3.6018738333e-01
-2.0626234230e-02
6.8905739397e-01
-2.2770285655e-02
-1.6112383251e-01
-2.2025782508e-02
1.8617629329e-01
KVEC
31
5:6:7:8:9:10
BARREL
RPHI
FLOATPT
2.0000000000e+00 3.0000000000e+00
-inf inf
1
1
10
4.6048941622e+00
-5.4657175410e+00
-3.4566740149e+00
-1.2402754454e+00
2.0849420876e+00
-4.4478600375e+01
5.0770151187e+01
2.3187715558e+01
-1.2556695957e+02
4.9675214277e+01
CMTX
31
5:6:7:8:9:10
BARREL
RPHI
FLOATPT
2.0000000000e+00 3.0000000000e+00
-inf inf
-1
2
12
1.4196698814e+00
3.1969625181e-03
-1.3740486558e+00
-3.1101468001e-03
-1.5285248860e+00
-3.6152674187e-03
-2.3834446361e+00
-5.6128044746e-03
-9.6108731335e-02
-2.2561706761e-04
3.9623576759e+00
9.6133087264e-03
-1.2453910268e+00
-2.8678020083e-03
1.3763137604e+00
3.1950781952e-03
1.0675388016e+00
2.5234941114e-03
1.2391828336e+00
2.9216696280e-03
1.5843513173e-02
3.2418634397e-05
-1.4534628170e+00
-3.4841207068e-03
QVEC
31
5:6:7:8:9:10
BARREL
RPHI
FLOATPT
2.0000000000e+00 3.0000000000e+00
-inf inf
-1
1
2
-4.3247317098e-01
3.2819657770e-03
AMTX
31
5:6:7:8:9:10
BARREL
RPHI
FLOATPT
2.0000000000e+00 3.0000000000e+00
-inf inf
-1
10
12
-4.3289334745e+02
-9.9790407561e-01
1.7455015329e+03
4.1518097099e+00
-2.4018872792e+03
-5.7247813173e+00
1.4463467205e+03
3.4616445998e+00
-4.5306127819e+02
-1.1102190759e+00
9.5957935907e+01
2.9452408151e-01
-1.3100486558e+02
-2.9511640969e-01
7.3164479802e+02
1.6678395978e+00
-7.2649972133e+02
-1.7158927839e+00
-1.2563089861e+03
-3.0061661504e+00
2.5396870728e+03
6.1301266652e+00
-1.1575429966e+03
-2.8189068481e+00
-7.1896819758e+02
-1.7356474932e+00
1.6144673834e+03
3.8533734212e+00
4.6390399953e+02
1.1015364028e+00
-1.6901781927e+03
-4.0356011870e+00
-7.2455125278e+02
-1.7670827541e+00
1.0553649982e+03
2.6447775180e+00
-5.5610194258e+02
-1.2916320909e+00
1.7555343751e+02
3.9659647711e-01
3.8659591686e+02
9.1843243639e-01
2.9404014359e+02
6.9067789492e-01
2.7488520011e+01
6.7123342502e-02
-3.2755589597e+02
-7.8285594178e-01
2.6982325834e+01
6.3375368402e-02
1.8189919908e+01
3.7581804958e-02
8.1067315021e+00
1.5558573769e-02
-3.9048820651e+00
-2.9484858131e-03
-1.7814556412e+01
-7.2570949536e-02
-3.1492307765e+01
-6.1192189739e-02
3.9809706683e-02
9.2048069325e-01
4.2722882272e-02
-3.2572328811e-01
4.1574999321e-02
1.4805177209e-01
4.3189888948e-02
-5.3877136149e-01
4.1766302989e-02
5.1640013149e-02
4.2204613543e-02
-1.1863635660e-01
6.0887299497e-02
-1.7623903364e-01
6.1928459391e-02
-5.9643080630e-01
5.8956718795e-02
6.6906447219e-01
5.9892524709e-02
2.9847621866e-01
6.1202757436e-02
-2.3062298243e-01
6.1266070401e-02
-2.2225385598e-01
4.5153973868e-02
-4.3517875953e-03
4.4891841522e-02
1.2984825180e-01
4.4750933722e-02
2.4563473363e-01
4.5972375262e-02
-2.0971848534e-01
4.6905634432e-02
-5.2791944827e-01
4.3978844802e-02
7.3477973323e-01
1.5910229386e-03
-9.6631846013e-02
1.5724017996e-03
-1.1958426340e-01
5.1926125534e-04
2.9788320692e-01
1.2451933644e-03
-3.8155349988e-02
-7.7266889605e-04
7.5978858473e-01
-1.3506639577e-04
4.5573029418e-01
1.2394477977e-01
4.5917151514e-01
1.2442735267e-01
2.6904980647e-01
1.2500366202e-01
4.7791187884e-02
1.2356205994e-01
6.7155134643e-01
1.2513222743e-01
4.4858752257e-02
1.2501144213e-01
1.1706613503e-01
KVEC
31
5:6:7:8:9:10
BARREL
RPHI
FLOATPT
2.0000000000e+00 3.0000000000e+00
-inf inf
-1
1
10
5.7975254771e+00
-1.5951154558e+00
8.2842001370e+00
-2.4738303865e-01
-1.1514940032e+00
-2.8304523859e+01
-1.5569334228e+01
3.4923916047e+01
1.2231844838e+02
8.4551905374e+01
CMTX
31
6:7:8:9:10
BARREL
RPHI
FLOATPT
2.0000000000e+00 3.0000000000e+00
-inf inf
1
2
10
1.4031423962e+00
-3.2832711333e-03
-2.7306699372e+00
6.4807939322e-03
-3.4171438911e+00
8.1748746786e-03
1.4472504751e+00
-3.4685787102e-03
3.2974400413e+00
-8.0539786278e-03
-1.0751044266e+00
2.5449390606e-03
1.8603703210e+00
-4.4244961716e-03
2.0800051210e+00
-4.9860899268e-03
-3.8914662024e-01
9.2300639237e-04
-1.4761650863e+00
3.5946371570e-03
QVEC
31
6:7:8:9:10
BARREL
RPHI
FLOATPT
2.0000000000e+00 3.0000000000e+00
-inf inf
1
1
2
4.2633191474e-01
-2.2205552213e-03
AMTX
31
6:7:8:9:10
BARREL
RPHI
FLOATPT
2.0000000000e+00 3.0000000000e+00
-inf inf
1
8
10
4.0213281961e+02
-9.2688475970e-01
-1.7437984853e+03
4.1725138105e+00
2.3544443413e+03
-5.6405468520e+00
-1.1612885106e+03
2.8223178076e+00
1.4850168670e+02
-3.4760046160e-01
7.4958463322e+02
-1.7951658239e+00
-1.4803622856e+03
3.5085622643e+00
-1.9360640844e+02
4.6588503222e-01
1.9578071053e+03
-4.7197414380e+00
-1.0334640515e+03
2.5415424263e+00
-9.8018755607e+02
2.3139287266e+00
5.1537092507e+02
-1.2284908768e+00
8.1204947433e+02
-1.9518965769e+00
4.3326822014e+02
-1.0562747936e+00
-7.8051207477e+02
1.8924185219e+00
-3.6370728070e+01
9.3659833253e-02
-2.0816823729e+01
3.5262494196e-02
-2.2797111157e+00
1.5714238488e-02
1.9183592158e+01
-6.4327352990e-02
4.0207152242e+01
-1.0295563743e-01
-5.7367609257e-02
5.9295314902e-01
-5.7553151231e-02
5.0769651698e-01
-5.9624619800e-02
-3.5707770259e-01
-5.9309962375e-02
-2.3029379409e-01
-5.7376915817e-02
5.6726796607e-01
-1.8631317201e-01
1.2871193700e-02
-1.8502761857e-01
5.8177709989e-01
-1.8504512839e-01
6.0498886394e-01
-1.8690883272e-01
-1.3527492855e-01
-1.8741705863e-01
-3.0379406761e-01
-8.9579059970e-02
7.3555912429e-02
-8.9405070195e-02
1.2078131840e-01
-8.9582867935e-02
2.7007163370e-02
-8.7382459592e-02
9.0994342056e-01
-8.9140960850e-02
1.5572782357e-01
-1.9010578326e-02
-1.9229946021e-01
-1.7623100902e-02
3.7741182337e-01
-1.9987654662e-02
-6.3471494991e-01
-1.8248014724e-02
6.4037580315e-02
-1.9611722348e-02
-5.2001060534e-01
KVEC
31
6:7:8:9:10
BARREL
RPHI
FLOATPT
2.0000000000e+00 3.0000000000e+00
-inf inf
1
1
8
5.2518971412e+00
2.3038087282e+00
-1.5694438120e+00
-2.0925080286e+00
6.3045470187e+01
2.6715194091e+01
1.0799302291e+02
-8.1438323204e+01
CMTX
31
6:7:8:9:10
BARREL
RPHI
FLOATPT
2.0000000000e+00 3.0000000000e+00
-inf inf
-1
2
10
1.5294198126e+00
3.7678307344e-03
-2.3471503295e+00
-5.5684657456e-03
-3.1834588811e+00
-7.5556137574e-03
-5.9607785736e-01
-1.4551538310e-03
4.5972203283e+00
1.1274913794e-02
-1.1706451420e+00
-2.8432729465e-03
1.7812255444e+00
4.2268988098e-03
1.9457896580e+00
4.6265708793e-03
4.5734899024e-01
1.1194333681e-03
-2.0137289565e+00
-4.9520159135e-03
QVEC
31
6:7:8:9:10
BARREL
RPHI
FLOATPT
2.0000000000e+00 3.0000000000e+00
-inf inf
-1
1
2
-4.4478555401e-01
1.3646795154e-02
AMTX
31
6:7:8:9:10
BARREL
RPHI
FLOATPT
2.0000000000e+00 3.0000000000e+00
-inf inf
-1
8
10
3.3078321632e+02
8.3268789457e-01
-1.3851439117e+03
-3.3104557593e+00
2.2736145396e+03
5.4423262458e+00
-1.7766996763e+03
-4.2959988228e+00
5.5742221099e+02
1.3807102605e+00
8.1872656898e+02
1.8923792131e+00
-2.0222360028e+03
-4.8066264674e+00
4.6427270500e+02
1.1152326954e+00
1.9448507866e+03
4.6917778678e+00
-1.2056743392e+03
-2.9333242253e+00
-1.0606496848e+03
-2.5400693168e+00
5.6022526959e+02
1.3337799490e+00
9.4046832433e+02
2.2403262443e+00
3.2823127852e+02
8.0567764669e-01
-7.6827918279e+02
-1.9081518105e+00
-3.6576100722e+01
-8.0503645962e-02
-2.0987832635e+01
-4.6579729723e-02
-2.3447362417e+00
-1.1861870788e-02
1.9276242042e+01
7.6324463102e-02
4.0556157434e+01
8.2120527371e-02
-1.0444602489e-01
6.5886768479e-01
-1.0126271893e-01
-6.9818138765e-01
-1.0281462526e-01
-7.3917737756e-02
-1.0352638453e-01
1.9981243787e-01
-1.0366570409e-01
2.1539718886e-01
1.1727843328e-01
2.6340691099e-01
1.1758269272e-01
2.0425382325e-01
1.1794486780e-01
1.2331423951e-01
1.1975216555e-01
-5.4224474906e-01
1.1694829486e-01
6.8395402258e-01
8.5652167781e-02
1.8585624120e-01
8.6345547871e-02
-9.3807535872e-02
8.4075858071e-02
8.7154770127e-01
8.6336977090e-02
-5.4128239505e-02
8.7016580987e-02
-3.1763824726e-01
-5.9684754562e-02
9.6487604502e-03
-5.8966884552e-02
-2.7573021974e-01
-5.9076941448e-02
-2.0767475810e-01
-5.7686565296e-02
-7.5673695073e-01
-5.8396991443e-02
-4.3323295224e-01
KVEC
31
6:7:8:9:10
BARREL
RPHI
FLOATPT
2.0000000000e+00 3.0000000000e+00
-inf inf
-1
1
8
2.8576854962e+00
-1.6415583006e+00
-5.6841085686e+00
1.0828181623e+00
2.4279533689e+01
5.3525013589e+01
2.2197431611e+01
-1.4126448370e+02
CMTX
31
5:7:8:9:10
BARREL
RPHI
FLOATPT
2.0000000000e+00 3.0000000000e+00
-inf inf
1
2
10
1.0325758095e+00
-2.3472479498e-03
-3.1560347037e+00
7.4827145298e-03
-2.6630958540e+00
6.3270620931e-03
1.8654519437e+00
-4.4783704034e-03
2.9210780525e+00
-7.1489348971e-03
-8.1593345767e-01
1.8843614842e-03
2.2443141704e+00
-5.3330590738e-03
1.4805028362e+00
-3.5209373789e-03
-7.2855566907e-01
1.7434493624e-03
-1.1803377529e+00
2.8810183748e-03
QVEC
31
5:7:8:9:10
BARREL
RPHI
FLOATPT
2.0000000000e+00 3.0000000000e+00
-inf inf
1
1
2
4.3037800991e-01
-4.4629751682e-03
AMTX
31
5:7:8:9:10
BARREL
RPHI
FLOATPT
2.0000000000e+00 3.0000000000e+00
-inf inf
1
8
10
1.3235368873e+02
-3.3507209217e-01
-1.4860994252e+03
3.5563622840e+00
2.4885226252e+03
-5.9610665648e+00
-1.2803518702e+03
3.1071835519e+00
1.4557021317e+02
-3.5106584045e-01
2.4289569120e+02
-5.8626328428e-01
-1.2447712681e+03
2.9496636870e+00
3.1491381330e+02
-7.6003379941e-01
1.9395633808e+03
-4.6813384539e+00
-1.2526473949e+03
3.0680621086e+00
-4.8841573142e+02
1.1441392865e+00
4.5780511294e+02
-1.0854786762e+00
3.5003305622e+02
-8.2925207460e-01
5.5810182113e+01
-1.3894259877e-01
-3.7522042071e+02
9.1490377794e-01
-3.6338599828e+01
8.5129121536e-02
-1.3984599676e+01
1.8291903933e-02
3.2738760013e-01
1.0704814524e-02
1.6869615114e+01
-5.8472475996e-02
3.3053141135e+01
-8.5935180852e-02
-4.4616597145e-02
9.0154293152e-01
-4.6469745772e-02
8.5168796126e-02
-4.8066440138e-02
-5.9946291394e-01
-4.6542992127e-02
2.3348309687e-02
-4.5803053906e-02
3.1250321565e-01
1.8709210303e-01
6.2971898701e-02
1.8513213906e-01
-7.9233500422e-01
1.8665665891e-01
-1.7146331957e-01
1.8796970969e-01
3.5488213389e-01
1.8671703956e-01
-1.8284032647e-01
1.4202547254e-01
-3.0113657412e-01
1.4233020345e-01
-1.7707776530e-01
1.4200730314e-01
-3.1638299399e-01
1.4125423842e-01
-6.3077771805e-01
1.4392513872e-01
4.6265093501e-01
-3.1807909125e-02
-2.7494484924e-01
-3.0929063189e-02
5.2742370222e-02
-3.1042301028e-02
-1.6383277265e-02
-2.9503620733e-02
5.8957850651e-01
-2.9192893661e-02
6.8075114793e-01
KVEC
31
5:7:8:9:10
BARREL
RPHI
FLOATPT
2.0000000000e+00 3.0000000000e+00
-inf inf
1
1
8
2.4215494407e+00
1.2891215439e+00
1.1889574595e+00
-2.3195053680e+00
1.9677219678e+01
-3.8808833564e+01
-4.3623371452e+01
1.2082653189e+02
CMTX
31
5:7:8:9:10
BARREL
RPHI
FLOATPT
2.0000000000e+00 3.0000000000e+00
-inf inf
-1
2
10
9.5376382197e-01
2.1100504304e-03
-2.3962682728e+00
-5.6619673392e-03
-2.6293667837e+00
-6.2032322366e-03
-8.6155788813e-02
-2.1557917469e-04
4.1579279259e+00
1.0130035878e-02
-7.7867099525e-01
-1.7714174169e-03
1.9342680863e+00
4.5786761304e-03
1.4806515819e+00
3.4988382825e-03
2.2645219559e-02
6.2325063342e-05
-1.6588674848e+00
-4.0303206743e-03
QVEC
31
5:7:8:9:10
BARREL
RPHI
FLOATPT
2.0000000000e+00 3.0000000000e+00
-inf inf
-1
1
2
-4.3185893644e-01
5.6043797853e-03
AMTX
31
5:7:8:9:10
BARREL
RPHI
FLOATPT
2.0000000000e+00 3.0000000000e+00
-inf inf
-1
8
10
-2.9206113331e+00
2.7910974571e-03
-5.7891919414e+02
-1.3845336026e+00
1.9913051271e+03
4.7622182258e+00
-2.3278465619e+03
-5.6249339946e+00
9.1838199355e+02
2.2521962810e+00
-2.6594408158e+02
-6.7100643691e-01
1.9103607464e+03
4.5491118361e+00
-1.5283548305e+03
-3.6523815843e+00
-1.3107896557e+03
-3.1690498301e+00
1.1947867831e+03
2.9311159379e+00
-4.9398286996e+02
-1.1460226106e+00
4.7073788286e+02
1.1161397414e+00
3.5232044909e+02
8.3035258442e-01
3.9523506161e+01
9.7829579358e-02
-3.6857892772e+02
-8.8801390732e-01
-3.6548734101e+01
-8.5685846450e-02
-1.4000484096e+01
-2.9175477630e-02
3.2788451087e-01
-5.9606914865e-03
1.6918180321e+01
7.0308263697e-02
3.3230564175e+01
6.5760716844e-02
-5.0758580652e-02
-9.4717856775e-01
-5.2916604337e-02
-1.0087883300e-02
-5.4296649597e-02
5.7993814774e-01
-5.2723908610e-02
-7.4821870999e-02
-5.3037513970e-02
5.3306933642e-02
-1.8765494338e-01
-8.2426321632e-02
-1.8653153862e-01
-6.5296739447e-01
-1.8791389686e-01
-1.3888299737e-01
-1.8971479258e-01
5.3357887884e-01
-1.8796902772e-01
-2.5818987234e-01
8.6638054871e-02
1.6775238497e-01
8.6569295975e-02
1.7762485379e-01
8.5981836342e-02
4.0527370871e-01
8.6637150715e-02
1.0939794945e-01
8.8840150690e-02
-8.1111753660e-01
-7.6443062419e-02
-3.1318678393e-02
-7.5539730241e-02
-3.6541477798e-01
-7.5957695010e-02
-1.6358811615e-01
-7.4393490181e-02
-7.7953502239e-01
-7.5438214628e-02
-3.1386140418e-01
KVEC
31
5:7:8:9:10
BARREL
RPHI
FLOATPT
2.0000000000e+00 3.0000000000e+00
-inf inf
-1
1
8
8.8464309258e-01
2.3679569133e+00
-1.7840655011e-01
9.8859550384e-01
1.6799674195e+01
-2.4495012212e+01
-3.7427507580e+01
-1.3296099167e+02
CMTX
31
5:6:8:9:10
BARREL
RPHI
FLOATPT
2.0000000000e+00 3.0000000000e+00
-inf inf
1
2
10
1.7293448634e+00
-4.0005156680e-03
-2.7826406234e+00
6.6461816657e-03
-3.5046881715e+00
8.3156547794e-03
1.5676719014e+00
-3.7965221195e-03
2.9902964971e+00
-7.3620001349e-03
-1.3864878335e+00
3.2435945773e-03
2.1429792908e+00
-5.0860778978e-03
1.9458610306e+00
-4.6164367258e-03
-5.2519897289e-01
1.2783626931e-03
-1.1771708648e+00
2.9104264926e-03
QVEC
31
5:6:8:9:10
BARREL
RPHI
FLOATPT
2.0000000000e+00 3.0000000000e+00
-inf inf
1
1
2
4.3677987117e-01
-1.1275712952e-02
AMTX
31
5:6:8:9:10
BARREL
RPHI
FLOATPT
2.0000000000e+00 3.0000000000e+00
-inf inf
1
8
10
3.5680426705e+02
-8.6480126951e-01
-1.0718781810e+03
2.5647954110e+00
2.0865921046e+03
-5.0076307799e+00
-1.8351064876e+03
4.4333437167e+00
4.6360768128e+02
-1.1469404438e+00
6.9250609461e+02
-1.6635346422e+00
-1.5237633271e+03
3.5970057252e+00
5.8998905033e+02
-1.4315260384e+00
1.4022093533e+03
-3.3977496413e+00
-1.1609823708e+03
2.8164558739e+00
5.7418375886e+02
-1.3469354156e+00
-3.6561420488e+02
8.7519846254e-01
-4.9274002032e+02
1.1674705885e+00
-1.3035254533e+02
3.1382836036e-01
4.1451299753e+02
-1.0166622141e+00
-2.9327834847e+01
6.9319059141e-02
-2.0432817881e+01
5.7046889357e-02
2.3651217269e+00
4.7519353579e-03
1.6666058580e+01
-5.9065946069e-02
3.0654930925e+01
-7.9078035054e-02
-2.4891421198e-02
8.6026068967e-01
-2.6040439314e-02
3.6566027544e-01
-2.8255362054e-02
-5.7772591651e-01
-2.6876352808e-02
-4.0881443128e-03
-2.5941864932e-02
3.8042323995e-01
6.2750064935e-02
-4.2239608205e-01
6.4781826734e-02
4.4677812957e-01
6.3683311818e-02
9.8483665343e-03
6.2388851281e-02
-5.1358077482e-01
6.4951480667e-02
5.5727884314e-01
5.0140783982e-02
1.6931565011e-01
4.9188952296e-02
-2.2364738278e-01
4.9207759959e-02
-1.7782394253e-01
4.7712629573e-02
-7.7266990211e-01
4.8485085026e-02
-4.2928351392e-01
-1.6436554429e-01
3.5171829078e-01
-1.6465159858e-01
2.7231556131e-01
-1.6383481047e-01
7.0500180650e-01
-1.6613398437e-01
-1.9083426356e-01
-1.6593248935e-01
-4.5750421050e-02
KVEC
31
5:6:8:9:10
BARREL
RPHI
FLOATPT
2.0000000000e+00 3.0000000000e+00
-inf inf
1
1
8
-1.7792609259e+00
-3.7921098112e+00
-1.9894110336e+00
-1.2940157676e+00
3.3745290877e+01
2.1350822026e+01
-1.3092229490e+02
4.4233984141e+01
CMTX
31
5:6:8:9:10
BARREL
RPHI
FLOATPT
2.0000000000e+00 3.0000000000e+00
-inf inf
-1
2
10
1.5541727750e+00
3.4964093372e-03
-2.2704219897e+00
-5.2272108450e-03
-3.1244134844e+00
-7.3864752658e-03
-3.4558809855e-01
-8.1983998749e-04
4.1861758966e+00
1.0134028711e-02
-1.3393232918e+00
-3.0769086341e-03
2.0023440654e+00
4.6734416517e-03
1.7566510983e+00
4.1603447130e-03
1.9014704583e-01
4.4754434468e-04
-1.6098106036e+00
-3.8478661942e-03
QVEC
31
5:6:8:9:10
BARREL
RPHI
FLOATPT
2.0000000000e+00 3.0000000000e+00
-inf inf
-1
1
2
-4.2932624668e-01
1.0206774270e-03
AMTX
31
5:6:8:9:10
BARREL
RPHI
FLOATPT
2.0000000000e+00 3.0000000000e+00
-inf inf
-1
8
10
-1.5428173126e+01
-4.3291335371e-02
-1.6099805153e+02
-3.1564991013e-01
1.5978813843e+03
3.8238318497e+00
-2.5720758767e+03
-6.2139137865e+00
1.1506379862e+03
2.8212623842e+00
7.9670310483e+02
1.9131045643e+00
-1.9378848541e+03
-4.6167105061e+00
1.4972126414e+03
3.5740446294e+00
6.1309370520e+02
1.5006707354e+00
-9.6915582888e+02
-2.4441530860e+00
5.8645315470e+02
1.3579961935e+00
-3.8270269850e+02
-8.8541831490e-01
-5.0030248815e+02
-1.1841802032e+00
-1.0896596532e+02
-2.6199059943e-01
4.0550439793e+02
9.6736143204e-01
2.9562046339e+01
6.9601521321e-02
2.0463406377e+01
4.2542485551e-02
-2.3663527348e+00
8.6750492401e-04
-1.6732150652e+01
-7.0136261810e-02
-3.0856627456e+01
-5.9607434346e-02
-4.4896180348e-02
-9.3827669245e-01
-4.7711684368e-02
2.6629624459e-01
-4.8358666943e-02
5.5368030504e-01
-4.6863662446e-02
-6.8566798350e-02
-4.7331874744e-02
1.1427698512e-01
-1.2246507963e-02
-4.7423898339e-02
-1.1177623328e-02
-4.9950387333e-01
-1.3267940810e-02
3.2782346784e-01
-1.2819174071e-02
1.0696238960e-01
-1.0710423032e-02
-7.7433355701e-01
9.1745485448e-02
6.9854490418e-02
9.2386212890e-02
-1.5209598867e-01
9.2077754355e-02
1.1550702524e-01
9.4769270033e-02
-9.1726857941e-01
9.2733358516e-02
8.8159140039e-03
-2.0872722188e-01
-3.9089945027e-01
-2.0894769921e-01
-3.1506912931e-01
-2.0834354453e-01
-6.1178896657e-01
-2.0949882134e-01
-1.6062494226e-01
-2.0985543677e-01
-3.7753925690e-02
KVEC
31
5:6:8:9:10
BARREL
RPHI
FLOATPT
2.0000000000e+00 3.0000000000e+00
-inf inf
-1
1
8
4.0189123238e+00
-9.1514309461e+00
-2.3745328840e-01
-9.7522475235e-01
3.2317197637e+01
-7.0403133669e+01
-7.6402235198e+01
-7.9661923277e+01
CMTX
31
5:6:7:9:10
BARREL
RPHI
FLOATPT
2.0000000000e+00 3.0000000000e+00
-inf inf
1
2
10
1.8426172289e+00
-4.3126171930e-03
-2.0693787594e+00
4.9731997135e-03
-3.2865747773e+00
7.8103080290e-03
9.4176452049e-01
-2.2547468693e-03
2.5715251556e+00
-6.3216874764e-03
-1.4251565386e+00
3.3586111883e-03
1.6116916520e+00
-3.8368248126e-03
1.9831032495e+00
-4.7166682149e-03
-2.4776786575e-01
5.9022059023e-04
-9.2186754898e-01
2.2744424914e-03
QVEC
31
5:6:7:9:10
BARREL
RPHI
FLOATPT
2.0000000000e+00 3.0000000000e+00
-inf inf
1
1
2
4.2705340400e-01
-5.2327562240e-03
AMTX
31
5:6:7:9:10
BARREL
RPHI
FLOATPT
2.0000000000e+00 3.0000000000e+00
-inf inf
1
8
10
5.0808664900e+02
-1.2157142685e+00
-1.9198333852e+03
4.5527915769e+00
1.9523107696e+03
-4.6467361659e+00
-8.4224096873e+02
2.0140854347e+00
3.0169448409e+02
-7.7306816790e-01
-5.1413732570e+02
1.2376494972e+00
1.0317717924e+03
-2.4211833992e+00
1.2257053980e+02
-2.7158850956e-01
-1.9195959820e+03
4.6450224490e+00
1.2794320255e+03
-3.1109882612e+00
-5.9676210854e+02
1.4073692464e+00
2.5777143760e+02
-6.2098936829e-01
5.1142203946e+02
-1.2152236122e+00
1.2968633421e+02
-3.1672408501e-01
-3.0210177509e+02
7.3942419590e-01
-2.6172762854e+01
6.3720751609e-02
-1.7516215668e+01
4.9331761967e-02
-7.3554368621e+00
2.8530590990e-03
1.8663845199e+01
-6.3245485606e-02
3.2315138460e+01
-8.2651990294e-02
1.1592949608e-01
-7.7540420167e-01
1.1661551653e-01
-4.9817245040e-01
1.1695224010e-01
-3.5957538779e-01
1.1804693801e-01
6.5683992176e-02
1.1694760106e-01
-4.0979092221e-01
3.6254110518e-02
6.2711688890e-01
3.4064281309e-02
-3.0172476402e-01
3.3495039594e-02
-5.4571755632e-01
3.5842554166e-02
4.2557795656e-01
3.4284602226e-02
-2.2314934104e-01
-1.6984098778e-01
9.1908575655e-02
-1.7059552812e-01
-2.2902571937e-01
-1.6871675526e-01
5.6446322696e-01
-1.6962997899e-01
1.7841323874e-01
-1.7153887099e-01
-6.0474987542e-01
4.5417791548e-02
2.7142403718e-01
4.4412125801e-02
-1.3436349218e-01
4.4386069267e-02
-1.1382636198e-01
4.2512498499e-02
-8.2702132320e-01
4.3650495492e-02
-3.2006884382e-01
KVEC
31
5:6:7:9:10
BARREL
RPHI
FLOATPT
2.0000000000e+00 3.0000000000e+00
-inf inf
1
1
8
-5.9068241600e+00
3.0568345117e+00
4.7295020771e-01
-2.6348768431e+00
-9.1982123264e+01
-1.0366154773e+01
-2.6624651709e+01
-1.1207242609e+02
CMTX
31
5:6:7:9:10
BARREL
RPHI
FLOATPT
2.0000000000e+00 3.0000000000e+00
-inf inf
-1
2
10
1.6321099722e+00
3.7474381302e-03
-1.7612292238e+00
-4.0112458265e-03
-2.6922223876e+00
-6.3938469584e-03
-1.0366336358e+00
-2.4925766122e-03
3.8578392452e+00
9.3480487790e-03
-1.3558498270e+00
-3.1533045917e-03
1.5775753935e+00
3.6633681123e-03
1.6726009933e+00
3.9682069205e-03
5.0488588456e-01
1.2111925505e-03
-1.3991686401e+00
-3.3462587436e-03
QVEC
31
5:6:7:9:10
BARREL
RPHI
FLOATPT
2.0000000000e+00 3.0000000000e+00
-inf inf
-1
1
2
-4.2591501816e-01
9.0137117361e-05
AMTX
31
5:6:7:9:10
BARREL
RPHI
FLOATPT
2.0000000000e+00 3.0000000000e+00
-inf inf
-1
8
10
4.9010540906e+02
1.1345098849e+00
-1.9661053037e+03
-4.6296117750e+00
2.1867162319e+03
5.2018987755e+00
-1.2845088524e+03
-3.0860405106e+00
5.7383066073e+02
1.3437467014e+00
-6.1297854656e+02
-1.4729786475e+00
1.4522346286e+03
3.5043973660e+00
-1.8524377373e+02
-4.5323791203e-01
-2.1180316701e+03
-5.1321591155e+00
1.4640468342e+03
3.6436390377e+00
6.0179905651e+02
1.4061640566e+00
-2.6658694705e+02
-6.1128188407e-01
-5.1592046886e+02
-1.2271257566e+00
-1.1053283979e+02
-2.6672715914e-01
2.9121566164e+02
6.9107187310e-01
-2.6394757194e+01
-6.3306940917e-02
-1.7540867666e+01
-3.5830639965e-02
-7.3833436997e+00
-1.3750047436e-02
1.8735240851e+01
7.4711061659e-02
3.2518309694e+01
6.3593014964e-02
-1.1970869515e-01
-8.4428950810e-01
-1.2284913625e-01
4.7875376927e-01
-1.2091547811e-01
-3.4170239443e-01
-1.2177070053e-01
-7.0612228031e-03
-1.2241719668e-01
2.2666945873e-01
4.4435761118e-02
-5.1818946838e-01
4.4262778680e-02
-4.2321071549e-01
4.1780386555e-02
6.4608471927e-01
4.4362021769e-02
-3.7275023222e-01
4.3441518860e-02
4.3134558202e-02
1.2249702340e-01
2.5593905829e-01
1.2242292038e-01
3.1404615155e-01
1.2312544206e-01
7.9453166780e-02
1.2465353197e-01
-4.1859688236e-01
1.2202290848e-01
7.2633316419e-01
-1.4712221903e-02
6.4678870413e-02
-1.4716939237e-02
9.6323137941e-02
-1.3739026019e-02
-2.9117310936e-01
-1.2427805661e-02
-7.6548674348e-01
-1.3068163142e-02
-4.6212979433e-01
KVEC
31
5:6:7:9:10
BARREL
RPHI
FLOATPT
2.0000000000e+00 3.0000000000e+00
-inf inf
-1
1
8
-4.0890769694e+00
8.7930025735e+00
-8.8208410471e-01
1.5546741220e+00
4.6490516614e+00
-2.2659550538e+01
6.1926487504e+01
-1.2730298954e+02
CMTX
31
5:6:7:8:10
BARREL
RPHI
FLOATPT
2.0000000000e+00 3.0000000000e+00
-inf inf
1
2
10
1.5423485794e+00
-3.5630208142e-03
-1.6968570761e+00
4.1013127608e-03
-2.0365656657e+00
4.8403930206e-03
-1.3662883585e+00
3.2015930852e-03
3.5573597078e+00
-8.7235289217e-03
-1.2837873881e+00
3.0037374070e-03
1.4182281942e+00
-3.3811271476e-03
1.3823338252e+00
-3.2870231640e-03
7.9028994035e-01
-1.8533128312e-03
-1.3070805153e+00
3.2117613767e-03
QVEC
31
5:6:7:8:10
BARREL
RPHI
FLOATPT
2.0000000000e+00 3.0000000000e+00
-inf inf
1
1
2
4.3287229764e-01
-8.3071656071e-03
AMTX
31
5:6:7:8:10
BARREL
RPHI
FLOATPT
2.0000000000e+00 3.0000000000e+00
-inf inf
1
8
10
1.0016712862e+02
-2.2493609880e-01
-9.3476869269e+02
2.2035367504e+00
2.2865115872e+03
-5.4545189896e+00
-1.8106904854e+03
4.3318137203e+00
3.5880373908e+02
-9.0039632065e-01
-7.9228300882e+02
1.9052960711e+00
2.0412520132e+03
-4.8391778088e+00
-3.7989880444e+02
9.0545628161e-01
-1.4602117128e+03
3.5191556063e+00
5.9115957305e+02
-1.4153429440e+00
-5.5324485019e+02
1.2985373005e+00
1.6941427669e+02
-4.0991944607e-01
3.8763266110e+02
-9.1874459488e-01
3.0937486335e+02
-7.2935423243e-01
-3.1316370326e+02
7.6470648440e-01
-2.7496115121e+01
6.4738289436e-02
-1.7314542890e+01
4.7832778118e-02
-5.3642633412e+00
-3.0304725317e-03
8.8251439454e+00
-1.0599912217e-02
4.1287228339e+01
-1.0593351202e-01
5.0940575272e-02
-8.3448401712e-01
5.1924220216e-02
-4.0589539350e-01
5.2368227238e-02
-2.0205376747e-01
5.4151345772e-02
5.5408441901e-01
5.1836721150e-02
-3.8930228016e-01
-1.4542423997e-01
-3.2488667406e-01
-1.4371044779e-01
4.0634069129e-01
-1.4299688775e-01
7.0559372635e-01
-1.4396843752e-01
3.0599155539e-01
-1.4412301047e-01
2.4539469611e-01
1.6159110788e-01
-4.4484398411e-01
1.6329951771e-01
2.6450371444e-01
1.6198181991e-01
-3.0809223835e-01
1.6220579539e-01
-2.2859606780e-01
1.6437607813e-01
6.2147557286e-01
6.9046084409e-02
-3.1788673532e-01
6.9769413954e-02
-4.1648785835e-02
7.0787147864e-02
3.6416481638e-01
6.8400051140e-02
-6.6570378774e-01
6.9284187637e-02
-3.6505856654e-01
KVEC
31
5:6:7:8:10
BARREL
RPHI
FLOATPT
2.0000000000e+00 3.0000000000e+00
-inf inf
1
1
8
-4.2085157193e+00
4.0856215738e+00
1.4863507681e+00
-6.0501461151e-01
-4.7763120337e+01
9.0176928653e+01
3.4763093805e+01
-7.5228596332e+01
CMTX
31
5:6:7:8:10
BARREL
RPHI
FLOATPT
2.0000000000e+00 3.0000000000e+00
-inf inf
-1
2
10
1.4244730540e+00
3.2088386106e-03
-1.3749368762e+00
-3.1149062909e-03
-1.5432633262e+00
-3.6496321450e-03
-2.4185231943e+00
-5.6967819831e-03
3.9121505209e+00
9.4900599665e-03
-1.2460897871e+00
-2.8694120469e-03
1.3761568310e+00
3.1951772011e-03
1.0701486190e+00
2.5294521666e-03
1.2450419927e+00
2.9356561521e-03
-1.4452328932e+00
-3.4639956837e-03
QVEC
31
5:6:7:8:10
BARREL
RPHI
FLOATPT
2.0000000000e+00 3.0000000000e+00
-inf inf
-1
1
2
-4.3173480377e-01
2.7517230895e-03
AMTX
31
5:6:7:8:10
BARREL
RPHI
FLOATPT
2.0000000000e+00 3.0000000000e+00
-inf inf
-1
8
10
4.3971443242e+02
1.0110074291e+00
-1.8241422103e+03
-4.3263459727e+00
2.4964274125e+03
5.9478228838e+00
-1.2301989231e+03
-2.9441743662e+00
1.1824049945e+02
2.2921485849e-01
7.1168524557e+02
1.7136180368e+00
-1.6898102555e+03
-4.0127806825e+00
-3.3420309476e+02
-7.9628196117e-01
2.0143620676e+03
4.8118046557e+00
-7.0206450005e+02
-1.7792514768e+00
-5.5818585899e+02
-1.2968084290e+00
1.7726644907e+02
4.0140915360e-01
3.9144546357e+02
9.2985256130e-01
3.0195767968e+02
7.0965818949e-01
-3.1246320661e+02
-7.4573574335e-01
-2.7715632818e+01
-6.5772000032e-02
-1.7311202990e+01
-3.5229174192e-02
-5.3757770868e+00
-8.0085556403e-03
8.8424730241e+00
1.5170819265e-02
4.1500944098e+01
8.6242223241e-02
6.3512698098e-02
9.1886018128e-01
6.6444188667e-02
-3.3082335323e-01
6.5252802529e-02
1.6681457185e-01
6.6901668264e-02
-5.2762893750e-01
6.5968252873e-02
-1.1469843727e-01
-9.3537768522e-02
1.9009800081e-01
-9.4492897259e-02
5.8219620646e-01
-9.1535091221e-02
-6.6500811395e-01
-9.2295824835e-02
-3.5496747524e-01
-9.3782894307e-02
2.4301770258e-01
9.6019521671e-02
-2.3466027136e-02
9.5746758740e-02
9.7197308557e-02
9.5157787817e-02
3.8043175673e-01
9.6401358501e-02
-1.0747562290e-01
9.4236057689e-02
8.5255964154e-01
-2.0675453173e-01
-4.0351053802e-01
-2.0689877664e-01
-3.6279150314e-01
-2.0793290818e-01
4.9654870525e-02
-2.0644588181e-01
-5.9897901121e-01
-2.0814807000e-01
4.8668908896e-02
KVEC
31
5:6:7:8:10
BARREL
RPHI
FLOATPT
2.0000000000e+00 3.0000000000e+00
-inf inf
-1
1
8
-6.7160278513e+00
-8.8010765593e+00
-2.5206519110e-01
-1.3147070738e+00
-3.0995047355e+01
-6.3967243709e+00
1.0642531234e+02
-5.4764400526e+01
CMTX
31
5:6:7:8:9
BARREL
RPHI
FLOATPT
2.0000000000e+00 3.0000000000e+00
-inf inf
1
2
10
2.1401018452e+00
-5.0123767757e-03
-2.7026116220e+00
6.4198192123e-03
-3.3412438360e+00
7.8953781469e-03
-1.7195351708e+00
4.0293167754e-03
5.6231802191e+00
-1.3576684578e-02
-1.5023665442e+00
3.5331332874e-03
1.7836566963e+00
-4.2239404174e-03
1.8607220781e+00
-4.4073195992e-03
9.2924491542e-01
-2.1788112416e-03
-2.0712339084e+00
5.0010914431e-03
QVEC
31
5:6:7:8:9
BARREL
RPHI
FLOATPT
2.0000000000e+00 3.0000000000e+00
-inf inf
1
1
2
4.3125718216e-01
-7.0355137503e-03
AMTX
31
5:6:7:8:9
BARREL
RPHI
FLOATPT
2.0000000000e+00 3.0000000000e+00
-inf inf
1
8
10
5.3570717198e+01
-1.4546090269e-01
3.1339455273e+02
-7.2174138509e-01
-1.8165883850e+03
4.3432207181e+00
2.4030387087e+03
-5.7542878914e+00
-9.5342584397e+02
2.3199281625e+00
-6.7385870758e+02
1.6135851580e+00
2.1340943880e+03
-5.0688398409e+00
-1.3032920732e+03
3.0974784934e+00
-9.3845698606e+02
2.2709174732e+00
7.8150882456e+02
-1.8703220885e+00
6.5001453122e+02
-1.5325391484e+00
-3.5594700718e+02
8.4760002937e-01
-5.2356681333e+02
1.2380134132e+00
-1.9532110110e+02
4.5392987106e-01
4.2479561210e+02
-1.0250037997e+00
-3.9908577183e+01
9.3332480443e-02
-2.3068059240e+01
6.1712032305e-02
-3.4448652531e+00
-7.2099260191e-03
1.9777344411e+01
-3.7236959432e-02
4.6585806861e+01
-1.3094823770e-01
4.9447378802e-02
-9.0783221776e-01
5.0762100925e-02
-3.3985391207e-01
5.1120133351e-02
-1.8063101396e-01
5.2871914435e-02
5.5943428366e-01
5.1527885280e-02
3.3747189154e-03
-1.4278888213e-01
-1.9009173923e-01
-1.4143051899e-01
3.9718883812e-01
-1.4062405590e-01
7.4956355704e-01
-1.4187802849e-01
2.4180258542e-01
-1.4331463412e-01
-3.4042119428e-01
-1.6338390987e-01
1.6206390072e-01
-1.6403106543e-01
-1.1546428904e-01
-1.6325324726e-01
1.9651719770e-01
-1.6291916890e-01
3.2614103070e-01
-1.6178679854e-01
7.7927740020e-01
1.2377898931e-01
-3.9908102262e-01
1.2607936594e-01
5.4622147174e-01
1.2494883261e-01
4.2276890587e-02
1.2404665618e-01
-3.6189888292e-01
1.2606336613e-01
4.3550003737e-01
KVEC
31
5:6:7:8:9
BARREL
RPHI
FLOATPT
2.0000000000e+00 3.0000000000e+00
-inf inf
1
1
8
3.2205448726e+00
2.4318353305e+00
-1.6545823285e+00
-1.6334322536e+00
-3.4205876621e+00
3.4197282342e+01
1.0103523554e+02
2.6055270285e+01
CMTX
31
5:6:7:8:9
BARREL
RPHI
FLOATPT
2.0000000000e+00 3.0000000000e+00
-inf inf
-1
2
10
2.1274191391e+00
4.9562211785e-03
-2.8292843720e+00
-6.7231430422e-03
-3.0513067900e+00
-7.2109867249e-03
-1.9455420585e+00
-4.5884979654e-03
5.6985301064e+00
1.3789624529e-02
-1.5016759071e+00
-3.5036040049e-03
1.9010575980e+00
4.4961689347e-03
1.6322724641e+00
3.8569210834e-03
1.0796904712e+00
2.5494468468e-03
-2.1112897703e+00
-5.1117064070e-03
QVEC
31
5:6:7:8:9
BARREL
RPHI
FLOATPT
2.0000000000e+00 3.0000000000e+00
-inf inf
-1
1
2
-4.3199998233e-01
7.6119916267e-03
AMTX
31
5:6:7:8:9
BARREL
RPHI
FLOATPT
2.0000000000e+00 3.0000000000e+00
-inf inf
-1
8
10
4.1879188741e+02
9.6044880026e-01
-1.7354812690e+03
-4.1195802974e+00
2.4469021470e+03
5.8313296555e+00
-1.4162407119e+03
-3.3904624136e+00
2.8606779814e+02
7.0574274813e-01
-5.8750270788e+02
-1.4045802981e+00
1.6349781146e+03
3.8468484997e+00
-1.1274879366e+02
-2.6129301068e-01
-2.1305140978e+03
-5.0901866720e+00
1.1957974983e+03
2.8741531440e+00
6.4694228133e+02
1.5132917972e+00
-3.5783310597e+02
-8.4007525017e-01
-5.2291063628e+02
-1.2404280969e+00
-1.8838524076e+02
-4.4029583051e-01
4.2215721302e+02
1.0218818758e+00
4.0302096057e+01
9.3710415047e-02
2.3063211911e+01
4.9644579262e-02
3.4252480698e+00
3.7348710569e-03
-1.9888739089e+01
-4.0595291969e-02
-4.6845020412e+01
-1.4243743350e-01
6.3188165430e-02
9.2284420992e-01
6.6064226080e-02
-3.0656270113e-01
6.4954957099e-02
1.5822182652e-01
6.6624008156e-02
-5.4453090749e-01
6.5229597093e-02
4.1867817057e-02
1.1891868042e-01
-1.5787826617e-01
1.1987040157e-01
-5.3524924210e-01
1.1698218795e-01
7.1009939806e-01
1.1807386080e-01
2.8936002482e-01
1.1953363062e-01
-2.8360237834e-01
4.6345785446e-02
8.1070042131e-02
4.5981936543e-02
2.7276335981e-01
4.7063806292e-02
-1.3326784857e-01
4.7104174669e-02
-9.5262370053e-02
4.9189290129e-02
-8.9217761681e-01
2.0569540675e-01
3.9571076741e-01
2.0584733765e-01
3.4503707703e-01
2.0674549002e-01
-1.7190455188e-02
2.0530160424e-01
6.0503506281e-01
2.0648820195e-01
1.3383410933e-01
KVEC
31
5:6:7:8:9
BARREL
RPHI
FLOATPT
2.0000000000e+00 3.0000000000e+00
-inf inf
-1
1
8
8.0023686467e-01
-7.7010422597e-01
1.6341860643e+00
-2.7586803250e+00
-1.5564774901e+01
7.6265666536e+00
-8.0745440914e+01
7.3107914151e+01
