136
CMTX
18
5:6:7:8:9:10
BARREL
RPHI
FLOATPT
3.0000000000e+00 7.0000000000e+00
-inf inf
-1
2
12
1.4812961753e+00
1.8811675057e-03
-1.2699770468e+00
-1.7550227476e-03
-2.3350952206e+00
-3.1536648629e-03
-2.0075229168e+00
-2.7178526025e-03
4.4239635519e-01
5.9251810031e-04
3.6888570272e+00
5.0468820805e-03
-1.2910885822e+00
-1.6875394675e-03
9.8339630533e-01
1.3450381221e-03
1.6359685574e+00
2.2212586442e-03
1.3061895607e+00
1.7629079679e-03
-1.8246336784e-02
-1.3460195959e-05
-1.6162179131e+00
-2.2027799892e-03
QVEC
18
5:6:7:8:9:10
BARREL
RPHI
FLOATPT
3.0000000000e+00 7.0000000000e+00
-inf inf
-1
1
2
-2.3576484589e-01
-2.0504702509e-03
AMTX
18
5:6:7:8:9:10
BARREL
RPHI
FLOATPT
3.0000000000e+00 7.0000000000e+00
-inf inf
-1
10
12
-6.2777343427e+02
-8.4192468199e-01
2.2067818366e+03
2.9920019504e+00
-1.9449210577e+03
-2.6370813379e+00
5.1469949770e+01
4.8454219812e-02
1.7267324697e+02
2.3002421817e-01
1.4177811787e+02
1.8767791598e-01
6.5475525221e+00
2.3061702366e-02
-1.0528543097e+02
-1.5796003690e-01
-2.0864742453e+02
-2.8770347006e-01
1.5854019330e+03
2.1699054700e+00
-2.2577414944e+03
-3.0971470643e+00
9.7970458170e+02
1.3448526313e+00
5.3394316403e+02
7.8685366482e-01
-9.4493689045e+02
-1.2659792645e+00
-1.1980924692e+03
-1.6165184034e+00
1.8488533743e+03
2.5184060651e+00
9.4187322218e+02
1.2639522227e+00
-1.1816138577e+03
-1.6335924564e+00
-5.8287963873e+02
-7.7223629255e-01
1.9919409908e+02
2.7550380318e-01
3.9922604927e+02
5.4430529700e-01
3.0348958535e+02
4.0582087418e-01
1.8695787741e+01
2.9413169242e-02
-3.3771050012e+02
-4.5223942409e-01
-2.3708348493e+01
-3.6602524260e-02
-1.5982748974e+01
-2.7923391075e-02
-7.0003183641e+00
-2.7718005200e-02
3.6017599809e+00
-1.4501755380e-04
1.5709268724e+01
5.0066289818e-02
2.7323765492e+01
2.8887636831e-02
7.3781973392e-02
3.1347452229e-02
7.2912935328e-02
6.8553019159e-01
7.4591456257e-02
-5.2577585248e-01
7.4535910922e-02
-4.5603338120e-01
7.4332187702e-02
-2.7199939044e-01
7.3613037883e-02
2.9354416879e-01
-3.4746180886e-02
1.0195909818e+00
-3.3424858074e-02
5.5561875588e-02
-3.3521801252e-02
1.4968324435e-01
-3.3344770402e-02
2.7304884076e-02
-3.3281389111e-02
2.6103788473e-02
-3.3387021074e-02
1.4689180697e-01
-6.6179742268e-02
-1.7740963685e-01
-6.6349672110e-02
-1.7784912773e-02
-6.7168422876e-02
6.3377696795e-01
-6.5711839851e-02
-3.7705037865e-01
-6.5966484621e-02
-1.2583576653e-01
-6.6865813790e-02
5.9363326040e-01
-5.2640440361e-02
-2.8572431054e-02
-5.2956977250e-02
1.0440428142e-01
-5.2837872999e-02
-9.3703482095e-02
-5.2748327817e-02
-2.7712185626e-01
-5.4557445577e-02
8.9775951568e-01
-5.3619396305e-02
7.3209103145e-02
4.3166230507e-02
9.3743620497e-02
4.3450123093e-02
-1.1811768132e-01
4.3042235301e-02
1.9025501421e-01
4.4202768406e-02
-6.6915740198e-01
4.3436130751e-02
-1.0580752253e-01
4.4117383509e-02
-5.9686468706e-01
KVEC
18
5:6:7:8:9:10
BARREL
RPHI
FLOATPT
3.0000000000e+00 7.0000000000e+00
-inf inf
-1
1
10
-2.1879583248e+00
-5.6659413033e-01
-1.1064524812e+00
1.5722095350e+00
-5.1618696818e-02
-2.4272023865e+01
5.2407718583e+01
5.3650917004e+01
6.6134197955e+01
-1.1133068696e+02
CMTX
18
5:6:7:8:9:10
BARREL
RPHI
FLOATPT
7.0000000000e+00 1.2000000000e+01
-inf inf
-1
2
12
1.5126592659e+00
9.6785416242e-04
-6.3660223352e-01
-4.2852617234e-04
-2.6083880883e+00
-1.6818675131e-03
-2.6210925925e+00
-1.6894675825e-03
-1.6605347852e-01
-1.1232660406e-04
4.5194698794e+00
2.9415524079e-03
-1.4050909822e+00
-8.9641137468e-04
5.5525930626e-01
3.6649638436e-04
1.9869908303e+00
1.2817067492e-03
1.6872183206e+00
1.0849713152e-03
3.2160163420e-01
2.1152165691e-04
-2.1459778210e+00
-1.4004022034e-03
QVEC
18
5:6:7:8:9:10
BARREL
RPHI
FLOATPT
7.0000000000e+00 1.2000000000e+01
-inf inf
-1
1
2
-1.1418738403e-01
9.5480318648e-04
AMTX
18
5:6:7:8:9:10
BARREL
RPHI
FLOATPT
7.0000000000e+00 1.2000000000e+01
-inf inf
-1
10
12
1.4709794184e+02
1.1633386084e-01
-9.9733986828e+02
-6.5945427098e-01
4.9460211497e+02
3.2146444479e-01
4.3826260819e+03
2.8291865995e+00
-7.3394136214e+03
-4.7512116255e+00
3.3124178923e+03
2.1465875554e+00
1.9930711209e+02
1.3900607325e-01
1.4355757309e+03
9.3695774808e-01
-6.1520818740e+03
-3.9730076379e+00
5.1213174886e+03
3.3179158894e+00
1.5019447583e+03
9.8451378482e-01
-2.1060608746e+03
-1.3686328900e+00
1.9594940208e+03
1.2528039608e+00
-5.5292903564e+03
-3.5462115504e+00
1.9078328407e+03
1.2288116780e+00
2.4551976089e+03
1.5919751284e+00
1.3968642326e+03
8.9253932428e-01
-2.1900878697e+03
-1.4019494294e+00
-6.3115716346e+02
-4.0299078400e-01
2.4246458285e+02
1.6058957937e-01
4.5407312662e+02
2.9166935936e-01
3.3520557894e+02
2.1897831741e-01
3.0168984808e+00
5.8006915094e-03
-4.0359111435e+02
-2.6357673553e-01
7.6970871649e+01
4.6723113037e-02
4.7987397837e+01
2.9246592725e-02
1.8772864813e+01
1.6424114252e-02
-1.3297918415e+01
-7.8621569610e-03
-4.8584665307e+01
-3.4938209916e-02
-8.1828681496e+01
-4.9923002412e-02
-3.7204304912e-02
9.2551327198e-01
-3.6546774015e-02
-1.1198273988e-01
-3.6677398814e-02
8.5538233679e-02
-3.6975077545e-02
5.3340140451e-01
-3.6629903563e-02
-3.3062707505e-03
-3.6473090089e-02
-2.5618859004e-01
-4.3588055628e-02
-1.9065181060e-01
-4.3266187336e-02
-6.6939800448e-01
-4.4119603462e-02
6.6764950172e-01
-4.3821861218e-02
2.2175644519e-01
-4.3611953429e-02
-8.9377463254e-02
-4.3876552398e-02
3.2725787306e-01
-9.1818111128e-02
-2.8210921573e-02
-9.1835546051e-02
-1.1065892494e-03
-9.2048753431e-02
3.2864194871e-01
-9.1606994868e-02
-3.5681358177e-01
-9.1535763116e-02
-4.7124072764e-01
-9.1424234862e-02
-6.4959157930e-01
-5.0845108465e-02
-3.3210732424e-02
-5.0895943160e-02
2.9228000780e-02
-5.1082206009e-02
3.1304692731e-01
-5.0789391115e-02
-1.5186373628e-01
-5.1426795997e-02
8.2369797407e-01
-5.0698274117e-02
-3.1119300780e-01
-3.5470341577e-02
4.4679627873e-01
-3.5285628303e-02
1.6167683927e-01
-3.5335166035e-02
2.3711460810e-01
-3.4812746233e-02
-5.7265853723e-01
-3.5167572019e-02
-2.2365957843e-02
-3.5482397104e-02
4.6093030012e-01
KVEC
18
5:6:7:8:9:10
BARREL
RPHI
FLOATPT
7.0000000000e+00 1.2000000000e+01
-inf inf
-1
1
10
-2.9047759360e-01
1.7253636224e+00
1.4454138135e+00
4.6004217537e-01
1.7783572704e-01
2.9573705512e+01
4.7645635810e+01
-1.2119347824e+02
4.4505851200e+01
3.6074933391e+01
CMTX
18
5:6:7:8:9:10
BARREL
RPHI
FLOATPT
1.2000000000e+01 1.8000000000e+01
-inf inf
-1
2
12
1.1975208557e+00
4.6831014566e-04
9.2284089018e-02
3.2341660497e-05
-2.2813528222e+00
-9.0226106151e-04
-3.3144937670e+00
-1.3107915780e-03
-1.0754352033e+00
-4.2577072933e-04
5.3814783607e+00
2.1391858242e-03
-1.1558337819e+00
-4.5136518499e-04
-1.0012504041e-01
-3.7029184427e-05
1.8645339052e+00
7.3674253165e-04
2.2517328239e+00
8.8900651776e-04
8.9140806822e-01
3.5072134139e-04
-2.7517161207e+00
-1.0946889842e-03
QVEC
18
5:6:7:8:9:10
BARREL
RPHI
FLOATPT
1.2000000000e+01 1.8000000000e+01
-inf inf
-1
1
2
-6.9962373515e-02
7.2176345150e-04
AMTX
18
5:6:7:8:9:10
BARREL
RPHI
FLOATPT
1.2000000000e+01 1.8000000000e+01
-inf inf
-1
10
12
3.2440833092e+01
3.3429317048e-03
1.1192078263e+03
4.4395654649e-01
-8.6500346393e+02
-3.4227491128e-01
-7.9177037805e+03
-3.1450019440e+00
1.4429472014e+04
5.7286164457e+00
-6.7983961195e+03
-2.6985518904e+00
-7.1352748590e+02
-2.7961794692e-01
-1.3914103519e+03
-5.5345029553e-01
1.0196241756e+04
4.0312868632e+00
-9.4302898365e+03
-3.7368075221e+00
-2.5986167493e+03
-1.0277832065e+00
3.9376000114e+03
1.5603673806e+00
2.6181696718e+03
1.0137304691e+00
-7.6718591260e+03
-3.0155413839e+00
3.2758569904e+03
1.2951303766e+00
3.0626542905e+03
1.2113011315e+00
1.2648278051e+03
4.9682765628e-01
-2.5496438549e+03
-1.0023570687e+00
-6.6644323349e+02
-2.5651779059e-01
3.3294780461e+02
1.3176472061e-01
5.4883020931e+02
2.1480350617e-01
3.7724883577e+02
1.4664178104e-01
-4.3240130987e+01
-1.8373909838e-02
-5.4933530367e+02
-2.2083403594e-01
1.5817410088e+02
5.9385229366e-02
8.0776235340e+01
3.0181208561e-02
2.1408412250e+01
1.0718173471e-02
-3.3796273877e+01
-1.0986620462e-02
-8.8790802886e+01
-3.4927758458e-02
-1.3776737395e+02
-5.6126635720e-02
2.0230926684e-02
-9.2636903222e-01
1.9829538162e-02
1.0762924970e-01
1.9900115785e-02
-7.2538771286e-02
2.0117337065e-02
-6.1917012911e-01
1.9858045112e-02
3.2899721937e-02
1.9856199879e-02
4.0379753328e-02
-3.9525476604e-02
-1.4928465937e-01
-3.9298726312e-02
-7.1028973463e-01
-3.9797523240e-02
5.5959442109e-01
-3.9586154400e-02
2.8935404834e-02
-3.9420789976e-02
-3.8516607406e-01
-3.9711693459e-02
3.4853981332e-01
-1.1647825040e-01
2.5697402826e-02
-1.1651241115e-01
1.1103669770e-01
-1.1663304964e-01
4.1909684366e-01
-1.1640503508e-01
-1.5475598953e-01
-1.1636617570e-01
-2.4956177998e-01
-1.1615566135e-01
-7.7780775971e-01
-3.7262142375e-03
-1.0769862603e-01
-3.7399138031e-03
-6.1182604559e-02
-3.9466675168e-03
4.6908105059e-01
-3.8128810513e-03
1.3503970072e-01
-4.0800752706e-03
8.0985753428e-01
-3.7412808642e-03
-4.2806359385e-02
-4.4807963751e-02
4.7096725341e-01
-4.4653623635e-02
6.0363727416e-02
-4.4690062270e-02
1.4392422064e-01
-4.4359286146e-02
-6.9773816582e-01
-4.4682260559e-02
1.1184015325e-01
-4.4736627509e-02
2.4477166034e-01
KVEC
18
5:6:7:8:9:10
BARREL
RPHI
FLOATPT
1.2000000000e+01 1.8000000000e+01
-inf inf
-1
1
10
-1.7339539906e-01
-3.1831958219e-01
5.4073220734e-01
-5.3504045850e-01
-1.1006497784e-02
-5.5782076270e+01
4.6402548954e+00
-9.2078176681e+01
9.5348374609e+01
8.2224323749e+00
CMTX
18
5:6:7:8:9:10
BARREL
RPHI
FLOATPT
1.8000000000e+01 2.5000000000e+01
-inf inf
-1
2
12
9.8599159214e-01
2.6414419954e-04
4.7541125565e-01
1.2277078037e-04
-1.9131544389e+00
-5.1962412785e-04
-3.6534216903e+00
-9.9269803332e-04
-1.9487368481e+00
-5.3364412272e-04
6.0539130155e+00
1.6570323011e-03
-9.6600357744e-01
-2.5927717895e-04
-4.5916773341e-01
-1.2147129789e-04
1.5197022244e+00
4.1318503847e-04
2.6475152176e+00
7.1834376580e-04
1.5898891225e+00
4.3415017354e-04
-3.3319405740e+00
-9.1422067763e-04
QVEC
18
5:6:7:8:9:10
BARREL
RPHI
FLOATPT
1.8000000000e+01 2.5000000000e+01
-inf inf
-1
1
2
-4.8135900505e-02
6.2203966139e-04
AMTX
18
5:6:7:8:9:10
BARREL
RPHI
FLOATPT
1.8000000000e+01 2.5000000000e+01
-inf inf
-1
10
12
-2.7269759223e+02
-5.9613128897e-02
-1.1489669311e+03
-3.1397567542e-01
1.4846567727e+03
4.0623380127e-01
1.1153189297e+04
3.0452227531e+00
-2.1737572497e+04
-5.9352868551e+00
1.0521374232e+04
2.8750099795e+00
1.1179855671e+03
2.9902724603e-01
1.2058329162e+03
3.3095562628e-01
-1.2994767621e+04
-3.5315888721e+00
1.2741548709e+04
3.4677568295e+00
3.0794645532e+03
8.3594783457e-01
-5.1500607865e+03
-1.4026421444e+00
-2.8620633780e+03
-7.6424840350e-01
8.5590772645e+03
2.3101630020e+00
-3.9777275816e+03
-1.0808519002e+00
-3.2811688410e+03
-8.9630403963e-01
-1.0887426157e+03
-2.9221730319e-01
2.6506095323e+03
7.2362864711e-01
7.6007915822e+02
1.9719976596e-01
-5.1648394613e+02
-1.4387681441e-01
-7.4592144722e+02
-2.0556664337e-01
-4.7069432250e+02
-1.3002873403e-01
1.3225290562e+02
3.8828227060e-02
8.4075387304e+02
2.2788091719e-01
-2.3343934351e+02
-6.8368805652e-02
-9.4270289487e+01
-2.0854025892e-02
-7.6544191302e+00
5.2345444581e-04
5.8785953306e+01
4.0683475478e-03
1.1551507111e+02
3.2955927328e-02
1.6107770559e+02
3.8925018397e-02
1.4054672039e-02
-9.1082878688e-01
1.3750925417e-02
1.6577372098e-01
1.3806256617e-02
-7.8809749926e-02
1.3949086551e-02
-6.3830572532e-01
1.3736072041e-02
1.0637772012e-01
1.3779147279e-02
-7.7944975414e-02
4.6048737480e-02
2.1449815034e-01
4.5911212955e-02
7.0334772900e-01
4.6234191943e-02
-4.9858757846e-01
4.6080437029e-02
6.1146035925e-02
4.5969564369e-02
4.6276353966e-01
4.6184496355e-02
-3.2658481142e-01
-9.3978264632e-02
4.4746752137e-02
-9.4008583068e-02
1.3524499528e-01
-9.4100222169e-02
4.5857537338e-01
-9.3967553426e-02
-3.9164664111e-02
-9.3917554467e-02
-2.3054496576e-01
-9.3765892731e-02
-7.9297141257e-01
-3.4154990129e-03
1.7663280360e-02
-3.3828948801e-03
-1.1002657324e-01
-3.5572714315e-03
5.2928924251e-01
-3.4147548522e-03
1.9726253468e-03
-3.6274346059e-03
7.7686746093e-01
-3.4342551147e-03
6.4827077821e-02
-7.5220431885e-02
4.8888246739e-01
-7.5108337074e-02
4.5552575180e-02
-7.5104629575e-02
2.0593500061e-02
-7.4905307977e-02
-7.2100212610e-01
-7.5094973795e-02
-3.1000357278e-02
-7.5144666783e-02
1.4527611068e-01
KVEC
18
5:6:7:8:9:10
BARREL
RPHI
FLOATPT
1.8000000000e+01 2.5000000000e+01
-inf inf
-1
1
10
5.5923931667e-01
-2.4717454366e-02
5.8667292994e-02
-5.4346903003e-01
-9.7439073151e-01
-6.1317826876e+01
1.5152601118e+01
-8.0569656580e+01
9.9098729308e+01
-2.3452661548e+01
CMTX
18
5:6:7:8:9:10
BARREL
RPHI
FLOATPT
2.5000000000e+01 5.0000000000e+01
-inf inf
-1
2
12
1.0865626854e+00
1.7717601541e-04
3.8450454629e-01
6.5404951119e-05
-2.2419246136e+00
-3.8145661288e-04
-3.6487801019e+00
-6.2213915688e-04
-1.1492835234e+00
-1.9595821650e-04
5.5689203588e+00
9.5678771542e-04
-9.9147956423e-01
-1.6156171908e-04
-4.8297829514e-01
-8.1584022371e-05
1.6862279750e+00
2.8641458972e-04
2.7040805865e+00
4.6034983797e-04
1.2083851824e+00
2.0612223925e-04
-3.1242369522e+00
-5.3691918683e-04
QVEC
18
5:6:7:8:9:10
BARREL
RPHI
FLOATPT
2.5000000000e+01 5.0000000000e+01
-inf inf
-1
1
2
-3.0449281902e-02
3.4585626275e-04
AMTX
18
5:6:7:8:9:10
BARREL
RPHI
FLOATPT
2.5000000000e+01 5.0000000000e+01
-inf inf
-1
10
12
2.0858666230e+02
3.0651801936e-02
1.2122068943e+03
2.0241906570e-01
-1.6280273558e+03
-2.7956641811e-01
-9.7425842951e+03
-1.6654907220e+00
1.9290607327e+04
3.2998836153e+00
-9.3407835850e+03
-1.5962198157e+00
-1.0631333044e+03
-1.7787567449e-01
-1.0673930691e+03
-1.8104179960e-01
1.2132995895e+04
2.0561798601e+00
-1.2050027679e+04
-2.0496482957e+00
-2.6894989008e+03
-4.5425473447e-01
4.7370583997e+03
8.0875450646e-01
-2.8305536066e+03
-4.5997434112e-01
8.4444752907e+03
1.4158014098e+00
-3.9230483091e+03
-6.6675232209e-01
-3.1588425654e+03
-5.4296292321e-01
-1.1559406509e+03
-1.9738404926e-01
2.6239081502e+03
4.4773758738e-01
7.0764778326e+02
1.2388208739e-01
-4.2138002123e+02
-7.1501288102e-02
-6.4289511468e+02
-1.0662400213e-01
-4.2034876290e+02
-6.5728592627e-02
8.6572212555e+01
1.4880849956e-02
6.9038862667e+02
1.2286484815e-01
-2.0294807882e+02
-3.4378121151e-02
-9.0619557986e+01
-1.8531809553e-02
-1.5000188561e+01
1.6095945230e-03
4.8038860856e+01
3.9505228520e-03
1.0580460958e+02
1.4402382562e-02
1.5472484775e+02
2.8174876048e-02
-1.4571604141e-02
9.1053395824e-01
-1.4383699249e-02
-1.6762857077e-01
-1.4421151917e-02
7.5608337458e-02
-1.4516573163e-02
6.3404459021e-01
-1.4389528036e-02
-1.2098226119e-01
-1.4436852592e-02
1.3651289554e-01
4.7914513930e-02
2.3077290826e-01
4.7843383923e-02
6.9815784911e-01
4.8054324963e-02
-5.1722195982e-01
4.7960187775e-02
7.0322993977e-02
4.7897030595e-02
4.6951509020e-01
4.8028983364e-02
-2.7554771073e-01
-6.1440088330e-02
-1.4828034489e-02
-6.1473945356e-02
1.8071589348e-01
-6.1506956927e-02
3.7141360889e-01
-6.1466448849e-02
1.3178669759e-01
-6.1390305043e-02
-3.1038926100e-01
-6.1304352123e-02
-8.1109431202e-01
-2.3637422643e-03
8.9940550346e-02
-2.3290163157e-03
-1.1453233640e-01
-2.4456370813e-03
5.7409635358e-01
-2.3355822385e-03
-7.5114865900e-02
-2.4750811020e-03
7.3743606044e-01
-2.3398861349e-03
-5.7598546350e-02
-1.0449292889e-01
4.7692502937e-01
-1.0442509444e-01
4.1281074124e-02
-1.0442028697e-01
3.9104945129e-03
-1.0430114584e-01
-7.1021586918e-01
-1.0440201540e-01
-1.3039830480e-01
-1.0442352178e-01
-1.5778823303e-02
KVEC
18
5:6:7:8:9:10
BARREL
RPHI
FLOATPT
2.5000000000e+01 5.0000000000e+01
-inf inf
-1
1
10
-7.1098764134e-02
2.9446244690e-01
-5.3334095693e-01
1.1233317480e+00
-2.9128430718e-01
6.5803823730e+01
2.1146254653e+01
-8.1665543131e+01
8.0911622875e+01
-5.0493735690e+01
CMTX
18
5:6:7:8:9:10
BARREL
RPHI
FLOATPT
5.0000000000e+01 1.0000000000e+02
-inf inf
-1
2
12
9.0259238787e-01
7.3906870449e-05
6.0151567053e-01
5.1122275990e-05
-1.6773292386e+00
-1.4212602399e-04
-3.8168039467e+00
-3.2189866407e-04
-2.4311037395e+00
-2.0947274082e-04
6.4211324344e+00
5.4935024894e-04
-8.2962662062e-01
-6.7716326403e-05
-6.6466240435e-01
-5.6809488505e-05
1.1518538074e+00
9.8380554629e-05
2.8916724565e+00
2.4433093071e-04
2.3307242999e+00
1.9953247492e-04
-3.8799640523e+00
-3.3195935356e-04
QVEC
18
5:6:7:8:9:10
BARREL
RPHI
FLOATPT
5.0000000000e+01 1.0000000000e+02
-inf inf
-1
1
2
-1.5139897419e-02
1.3211912016e-04
AMTX
18
5:6:7:8:9:10
BARREL
RPHI
FLOATPT
5.0000000000e+01 1.0000000000e+02
-inf inf
-1
10
12
4.6155816678e+02
3.4982101969e-02
1.3145766419e+03
1.0286041782e-01
-2.4720077926e+03
-2.0589112593e-01
-1.3299354786e+04
-1.1235159881e+00
2.7642457497e+04
2.3586201726e+00
-1.3647223747e+04
-1.1699989442e+00
1.4564489305e+03
1.1173814638e-01
7.9084137410e+02
6.5314921025e-02
-1.4608461761e+04
-1.2286970768e+00
1.5198782780e+04
1.2837748220e+00
3.0415479672e+03
2.5965084249e-01
-5.8791485180e+03
-4.9982102614e-01
-2.9557392319e+03
-2.2608538237e-01
9.0350829927e+03
7.3924456413e-01
-4.5343895007e+03
-3.8210868592e-01
-3.2812581863e+03
-2.7486128550e-01
-1.0090913727e+03
-8.7517314942e-02
2.7453906902e+03
2.3056824355e-01
9.5109409261e+02
7.1662349556e-02
-7.8305218815e+02
-6.8112477955e-02
-1.0373270555e+03
-8.7501902823e-02
-6.1637914087e+02
-4.5652503407e-02
2.4470717934e+02
1.8622430226e-02
1.2409583577e+03
9.8819406192e-02
-2.7291183310e+02
-2.2167337658e-02
-9.5969657459e+01
-1.6932088380e-03
4.6004922145e+00
5.9033608418e-04
7.3858676405e+01
5.4379307373e-03
1.2616320552e+02
4.6509586256e-03
1.6425990599e+02
9.1155641355e-03
-2.1736770737e-02
9.0449107555e-01
-2.1645658464e-02
-2.0683846875e-01
-2.1667531895e-02
8.9437888925e-02
-2.1711062931e-02
6.2017002431e-01
-2.1644968412e-02
-1.5212234917e-01
-2.1675926490e-02
2.1389417853e-01
5.2849663692e-02
2.5390850520e-01
5.2810722072e-02
6.7369238745e-01
5.2906873735e-02
-5.0626686100e-01
5.2850567800e-02
1.4973934053e-01
5.2822214940e-02
4.7400266917e-01
5.2885668280e-02
-2.7544040178e-01
-2.3443446621e-02
-5.1764356825e-02
-2.3463103581e-02
1.1809257817e-01
-2.3487748941e-02
3.5957268201e-01
-2.3483723109e-02
2.6404869056e-01
-2.3440783089e-02
-2.9105432005e-01
-2.3400450620e-02
-8.0411128739e-01
-2.6629257230e-03
-1.0893221085e-01
-2.6897753973e-03
1.4890017483e-01
-2.6340503002e-03
-5.6054304463e-01
-2.6910589617e-03
8.3716518726e-02
-2.6234765087e-03
-7.3472928294e-01
-2.6941800372e-03
7.2121060058e-02
1.1403511561e-01
-4.6628702936e-01
1.1401639138e-01
-1.4827725771e-01
1.1401178680e-01
-6.4043478318e-02
1.1395091696e-01
6.6615981173e-01
1.1399257832e-01
1.7273924912e-01
1.1399721193e-01
1.1587743392e-01
KVEC
18
5:6:7:8:9:10
BARREL
RPHI
FLOATPT
5.0000000000e+01 1.0000000000e+02
-inf inf
-1
1
10
2.1598050136e-02
-1.2042367016e-01
-4.7882252001e-01
-7.3542282327e-01
-8.2403238965e-01
6.9524692867e+01
2.7263832593e+01
-7.3363892392e+01
-7.7100417898e+01
5.5519608342e+01
CMTX
18
5:6:7:8:9:10
BARREL
RPHI
FLOATPT
1.0000000000e+02 2.0000000000e+02
-inf inf
-1
2
12
7.9799409861e-01
3.0882531968e-05
6.6012451346e-01
2.8062642745e-05
-1.3103608058e+00
-5.4985195710e-05
-3.8173213861e+00
-1.5961076738e-04
-3.0527187111e+00
-1.3059541915e-04
6.7222877020e+00
2.8639791067e-04
-7.4163825606e-01
-2.7942361064e-05
-7.1306583558e-01
-2.9957994305e-05
8.3505177160e-01
3.5841431252e-05
2.9065826097e+00
1.2184058706e-04
2.8492069932e+00
1.2210077570e-04
-4.1361419609e+00
-1.7662839762e-04
QVEC
18
5:6:7:8:9:10
BARREL
RPHI
FLOATPT
1.0000000000e+02 2.0000000000e+02
-inf inf
-1
1
2
-7.5927366965e-03
1.3636032511e-05
AMTX
18
5:6:7:8:9:10
BARREL
RPHI
FLOATPT
1.0000000000e+02 2.0000000000e+02
-inf inf
-1
10
12
6.9587036521e+02
1.9963128670e-02
1.1179538033e+03
4.3182950100e-02
-3.0779668249e+03
-1.3468154062e-01
-1.4655739184e+04
-6.1205156804e-01
3.2240798690e+04
1.3612876280e+00
-1.6320906538e+04
-6.9778775246e-01
1.5119226901e+03
6.1851893057e-02
6.6724283976e+02
2.8636603380e-02
-1.5248345882e+04
-6.3688880435e-01
1.6584163681e+04
7.0396880965e-01
2.8201959256e+03
1.1594454415e-01
-6.3351785344e+03
-2.6725635446e-01
2.7387380435e+03
9.3373220221e-02
-9.0399332405e+03
-3.6595720305e-01
5.1768888918e+03
2.0964565514e-01
3.5364614339e+03
1.5306372417e-01
7.5359234951e+02
4.0827712569e-02
-3.1657402369e+03
-1.3568326339e-01
-1.6163414157e+03
-5.8520954615e-02
1.6497665504e+03
6.5601167751e-02
1.7885639338e+03
7.5945145585e-02
9.6335581928e+02
4.4772791918e-02
-5.4683033389e+02
-1.7834748914e-02
-2.2385080143e+03
-9.8710220800e-02
-2.9863305842e+02
-8.9354863681e-03
-9.4613524562e+01
4.2780496379e-03
1.5072335986e+01
-6.8776900361e-03
8.4441613751e+01
4.8951210583e-03
1.3162385027e+02
1.7347330568e-03
1.6213120180e+02
8.1621897219e-03
-2.0495760511e-02
9.1252402128e-01
-2.0456214323e-02
-1.9573085189e-01
-2.0467370225e-02
8.5999221622e-02
-2.0490390466e-02
6.1210470438e-01
-2.0459993201e-02
-1.0403714452e-01
-2.0474149188e-02
2.2969928048e-01
5.5761533890e-02
2.2917833103e-01
5.5730532508e-02
6.6492003858e-01
5.5771872903e-02
-5.2276378533e-01
5.5740465270e-02
1.3166920524e-01
5.5723778427e-02
4.6792239380e-01
5.5753274835e-02
-2.5726659172e-01
-5.0882679452e-04
-6.5862439782e-02
-5.1580845973e-04
1.2992342053e-01
-5.2391262417e-04
3.4502174451e-01
-5.2304367603e-04
3.3621672960e-01
-4.9596600543e-04
-2.9321223560e-01
-4.7433879389e-04
-7.8584315297e-01
-1.7439147071e-02
-5.7261101357e-02
-1.7458569302e-02
1.7956802268e-01
-1.7434715450e-02
-5.2739557663e-01
-1.7462820489e-02
4.4933499408e-02
-1.7432039335e-02
-7.5861548620e-01
-1.7470728680e-02
1.0528096079e-01
1.1199575317e-01
-4.7178739745e-01
1.1198124813e-01
-1.3412633737e-01
1.1197838205e-01
-1.1664434528e-01
1.1194555296e-01
6.4966045489e-01
1.1196688262e-01
1.3481714148e-01
1.1196479814e-01
1.9336956855e-01
KVEC
18
5:6:7:8:9:10
BARREL
RPHI
FLOATPT
1.0000000000e+02 2.0000000000e+02
-inf inf
-1
1
10
-1.0367237800e+00
3.3536134038e-01
4.8115586837e-01
4.8653941816e-01
-3.7960972928e-02
7.5336674380e+01
2.5782988318e+01
-6.7015683350e+01
-7.4540411282e+01
5.7067498538e+01
CMTX
18
5:6:7:8:9:10
BARREL
RPHI
FLOATPT
3.0000000000e+00 7.0000000000e+00
-inf inf
1
2
12
1.6649232414e+00
-2.1838782890e-03
-1.7312887723e+00
2.1909320323e-03
-2.1237270741e+00
2.9089003369e-03
-1.9047673640e+00
2.5025721098e-03
4.9901922264e-01
-6.6015335146e-04
3.5958270399e+00
-4.8605359299e-03
-1.4076850659e+00
1.8752807627e-03
1.2714432455e+00
-1.6485160378e-03
1.4961877864e+00
-2.0434532344e-03
1.2373581722e+00
-1.6339283832e-03
-1.0307965732e-02
-4.9649188160e-06
-1.5869731310e+00
2.1176292833e-03
QVEC
18
5:6:7:8:9:10
BARREL
RPHI
FLOATPT
3.0000000000e+00 7.0000000000e+00
-inf inf
1
1
2
2.3964121497e-01
1.9882587607e-03
AMTX
18
5:6:7:8:9:10
BARREL
RPHI
FLOATPT
3.0000000000e+00 7.0000000000e+00
-inf inf
1
10
12
-3.3213574641e+02
4.1787530062e-01
1.4292410884e+03
-1.9646038683e+00
-2.1094683954e+03
2.8907154633e+00
1.4719320127e+03
-2.0018857568e+00
-6.5046266030e+02
9.1328586207e-01
1.9081883765e+02
-3.4292181500e-01
1.6159831468e+02
-2.3054638932e-01
-8.0629656829e+02
1.0540540872e+00
8.7012619684e+02
-1.1612204941e+00
9.4975318937e+02
-1.3079436769e+00
-2.2202503795e+03
3.0269063232e+00
1.0450018637e+03
-1.4059340424e+00
7.1435215752e+02
-1.0136477375e+00
-1.6529031874e+03
2.2984109413e+00
-3.8082110546e+02
4.9782688476e-01
1.6754352494e+03
-2.2950474221e+00
7.1539902249e+02
-9.8050248727e-01
-1.0714725748e+03
1.5273976968e+00
-5.8375020336e+02
7.8419618467e-01
1.9537462123e+02
-2.4362453027e-01
4.0372033479e+02
-5.5081513587e-01
3.0860267347e+02
-4.0565315042e-01
1.6542265697e+01
-2.6509136463e-02
-3.4047127870e+02
4.5312761780e-01
-2.3737542533e+01
3.9512802942e-02
-1.5942584877e+01
3.9846559043e-03
-6.9532396230e+00
8.0581402264e-03
3.5620377875e+00
-6.7583841238e-03
1.5708688538e+01
-5.1882416585e-03
2.7297398685e+01
-3.1943743842e-02
8.4247860939e-02
-9.9237270740e-01
8.5960641133e-02
2.1959746402e-01
8.5890183363e-02
1.2271200670e-01
8.5592037309e-02
-1.4156519667e-01
8.5998714964e-02
7.5628186632e-02
8.6213605833e-02
1.5483601996e-01
-4.1995288924e-02
-4.6688784738e-02
-4.1013612781e-02
6.4843436647e-01
-4.2560345810e-02
-5.2843287512e-01
-4.1088908935e-02
4.9876352526e-01
-4.1948709323e-02
-1.8890457926e-01
-4.1727453063e-02
-1.1332707995e-01
1.7657669514e-02
-1.4185444822e-01
1.7620589235e-02
-1.4185865290e-01
1.8391089803e-02
3.8824080157e-01
1.8530118870e-02
4.8875354900e-01
1.8096996873e-02
1.4945354960e-01
1.6938750877e-02
-7.0112568726e-01
1.9403698551e-02
-9.2936467895e-02
1.9405239874e-02
-1.3476186416e-01
1.9746795591e-02
6.2746994677e-02
1.9548789843e-02
-1.4805863200e-01
1.8616885884e-02
-9.0444415449e-01
1.9650987037e-02
-2.1222343898e-01
-3.1809682678e-02
-7.0757984048e-02
-3.1752627031e-02
-7.4711739580e-03
-3.2345861977e-02
-4.4846251194e-01
-3.2509647410e-02
-5.4410017242e-01
-3.1518952517e-02
1.9706134369e-01
-3.2598805432e-02
-5.7469679050e-01
KVEC
18
5:6:7:8:9:10
BARREL
RPHI
FLOATPT
3.0000000000e+00 7.0000000000e+00
-inf inf
1
1
10
-6.9704798133e+00
4.9930732141e-01
5.3132216898e+00
-6.1239343117e-02
1.2115558184e+00
6.2016789109e+00
-1.3711279325e-01
-1.7303157520e+01
-1.1658753582e+02
-1.0662147335e+02
CMTX
18
5:6:7:8:9:10
BARREL
RPHI
FLOATPT
7.0000000000e+00 1.2000000000e+01
-inf inf
1
2
12
1.5129482631e+00
-9.9811242573e-04
-6.6555017256e-01
4.4791716099e-04
-2.5841932935e+00
1.6765142978e-03
-2.5026386295e+00
1.6175103720e-03
-3.7281960287e-01
2.4520257427e-04
4.6122913210e+00
-3.0049701690e-03
-1.4344738238e+00
9.4192061351e-04
6.5946193081e-01
-4.3284063224e-04
1.9633598706e+00
-1.2744552798e-03
1.5578541947e+00
-1.0050095058e-03
4.0031509713e-01
-2.6217791943e-04
-2.1465340690e+00
1.4033158312e-03
QVEC
18
5:6:7:8:9:10
BARREL
RPHI
FLOATPT
7.0000000000e+00 1.2000000000e+01
-inf inf
1
1
2
1.1437324314e-01
-1.1883737585e-03
AMTX
18
5:6:7:8:9:10
BARREL
RPHI
FLOATPT
7.0000000000e+00 1.2000000000e+01
-inf inf
1
10
12
-9.8494779741e+01
4.0834665352e-02
3.5458551423e+02
-2.0924859695e-01
-1.7668350311e+03
1.1361228534e+00
5.4036696401e+03
-3.5076170550e+00
-6.7481619391e+03
4.3823271365e+00
2.8552629342e+03
-1.8627105066e+00
-2.0110271118e+02
1.3015248320e-01
-1.5055561003e+03
9.8688089588e-01
5.9930675163e+03
-3.8824301257e+00
-3.8094707984e+03
2.4605478250e+00
-3.4414351499e+03
2.2362328051e+00
2.9645473943e+03
-1.9343110607e+00
1.9712429807e+03
-1.2916689731e+00
-5.6096100750e+03
3.6320211848e+00
1.8817555464e+03
-1.2230707110e+00
2.9340154977e+03
-1.9169186288e+00
7.2730808301e+02
-4.6846131868e-01
-1.9047152058e+03
1.2082569607e+00
-6.3036537539e+02
4.1309276749e-01
2.4247672692e+02
-1.5429793502e-01
4.5278204740e+02
-2.9699558711e-01
3.3530552915e+02
-2.1582824566e-01
1.8036098678e+00
-3.1153290233e-03
-4.0198906152e+02
2.6590089623e-01
7.6968421946e+01
-5.3832736674e-02
4.7935156525e+01
-2.8772743726e-02
1.8780860110e+01
-2.6261255510e-03
-1.3159346617e+01
4.0058248050e-03
-4.8679808713e+01
3.3615666407e-02
-8.1822214497e+01
5.9712266660e-02
3.1572932619e-02
-9.0384774737e-01
3.2099635075e-02
-1.2309519309e-01
3.2283930981e-02
1.4954673432e-01
3.1814491199e-02
-5.8897180498e-01
3.2174488300e-02
-5.6339567495e-02
3.2059601979e-02
-2.4448554565e-01
1.2432027192e-03
-3.0038369399e-01
1.9131349873e-03
7.3680254546e-01
1.1630869431e-03
-4.2736050532e-01
1.4354405129e-03
-1.2470147864e-02
1.4782932162e-03
4.0107618225e-02
1.7799375247e-03
5.0010045236e-01
2.4715228661e-02
8.4041972198e-02
2.4619251889e-02
-4.2390246856e-02
2.4305294255e-02
-5.0512199377e-01
2.4580952965e-02
-5.8577797353e-02
2.4098061000e-02
-7.8131297396e-01
2.4424363991e-02
-2.5795909376e-01
1.9344146057e-02
-5.9969657925e-02
1.9469734732e-02
1.4498031688e-01
1.9080500359e-02
-4.3286203596e-01
1.9466481419e-02
1.8415175427e-01
1.9640426970e-02
4.7096364075e-01
1.8895001831e-02
-6.5305048113e-01
9.8951317145e-02
-3.9573553630e-01
9.9227134079e-02
2.6202767423e-02
9.9365411118e-02
2.3254156124e-01
9.9692487209e-02
7.3207751788e-01
9.9082538545e-02
-2.1611686687e-01
9.9197362159e-02
-4.3785611294e-02
KVEC
18
5:6:7:8:9:10
BARREL
RPHI
FLOATPT
7.0000000000e+00 1.2000000000e+01
-inf inf
1
1
10
-1.0796976794e+00
-8.1002687787e-01
-4.3169219591e+00
5.8199856179e-01
1.1101405020e+00
-8.8577685296e+01
5.4338886988e+01
-1.2587220034e+02
-3.3971135269e+01
3.1050789466e+01
CMTX
18
5:6:7:8:9:10
BARREL
RPHI
FLOATPT
1.2000000000e+01 1.8000000000e+01
-inf inf
1
2
12
1.1916643226e+00
-4.8178186231e-04
8.0252814729e-02
-2.6670497474e-05
-2.2187010411e+00
8.8249651640e-04
-3.3067160235e+00
1.3171779646e-03
-1.2072131729e+00
4.7705583980e-04
5.4607254029e+00
-2.1736934511e-03
-1.1589014118e+00
4.6816746502e-04
-7.5626128469e-02
2.8516479266e-05
1.8255266206e+00
-7.2649773150e-04
2.2170603396e+00
-8.8202568593e-04
1.0027215252e+00
-3.9794676817e-04
-2.8107852085e+00
1.1206764761e-03
QVEC
18
5:6:7:8:9:10
BARREL
RPHI
FLOATPT
1.2000000000e+01 1.8000000000e+01
-inf inf
1
1
2
6.9774431667e-02
-3.8227774406e-04
AMTX
18
5:6:7:8:9:10
BARREL
RPHI
FLOATPT
1.2000000000e+01 1.8000000000e+01
-inf inf
1
10
12
-1.5429285148e+02
5.8812389709e-02
-5.8150638875e+02
2.3670619939e-01
7.0695953783e+01
-3.9494066918e-02
8.4602849273e+03
-3.3672043010e+00
-1.4709039098e+04
5.8531643092e+00
6.9138786226e+03
-2.7522561480e+00
-7.6226250608e+02
3.0426638663e-01
-1.3470184198e+03
5.4119931574e-01
1.0368125868e+04
-4.1284378323e+00
-9.3367357710e+03
3.7127809135e+00
-3.2329149341e+03
1.2938461174e+00
4.3108186059e+03
-1.7226770451e+00
-2.6411701073e+03
1.0659036870e+00
7.7875140816e+03
-3.1084982394e+00
-3.3809536143e+03
1.3487244184e+00
-3.1974006512e+03
1.2735385885e+00
-9.9478704638e+02
3.9763532952e-01
2.4267932982e+03
-9.5263875622e-01
6.6637625102e+02
-2.6908843835e-01
-3.3298662186e+02
1.3550526292e-01
-5.4905507370e+02
2.1858191041e-01
-3.7786259695e+02
1.5112845176e-01
4.4336372411e+01
-1.8633298600e-02
5.4918087083e+02
-2.2250765733e-01
-1.5857659964e+02
6.4424149705e-02
-8.0853983601e+01
2.9386857389e-02
-2.1395931668e+01
9.7713337217e-03
3.3748142502e+01
-5.2984787285e-03
8.9049412343e+01
-4.7980304365e-02
1.3803261532e+02
-5.5561365723e-02
2.9123638556e-02
-9.3817276630e-01
2.9513074647e-02
7.6148475084e-03
2.9534179042e-02
4.9608059418e-02
2.9286132724e-02
-5.8712083377e-01
2.9539255167e-02
3.6768982578e-02
2.9408776680e-02
-3.0053361573e-01
3.3380094238e-02
-4.6881195251e-02
3.3688904989e-02
7.0724747534e-01
3.3142513001e-02
-6.7388429447e-01
3.3454605058e-02
9.9581538175e-02
3.3504642044e-02
2.1429482359e-01
3.3383520821e-02
-9.5671049184e-02
-6.9952183113e-02
-4.1191484881e-02
-6.9888517853e-02
1.3244213496e-01
-7.0025298725e-02
-2.0520553355e-01
-7.0080748920e-02
-3.3557661598e-01
-7.0181997609e-02
-5.8374977026e-01
-6.9696833111e-02
6.4116056084e-01
-4.4834245619e-02
7.7138449687e-02
-4.4842526421e-02
2.4959031829e-02
-4.4793471852e-02
1.1732514743e-01
-4.4960372056e-02
-3.3104715100e-01
-4.4532012758e-02
7.1675126722e-01
-4.4612749922e-02
4.8734566103e-01
-3.5327748195e-02
4.2144357846e-01
-3.5608055626e-02
-2.9088316575e-01
-3.5639298750e-02
-3.7768333194e-01
-3.5701809113e-02
-5.4359608259e-01
-3.5483404430e-02
-3.4546720669e-03
-3.5616260544e-02
-3.4466028155e-01
KVEC
18
5:6:7:8:9:10
BARREL
RPHI
FLOATPT
1.2000000000e+01 1.8000000000e+01
-inf inf
1
1
10
-5.4095633518e-01
-1.7763860191e-01
1.8324062860e+00
-4.9579421308e-01
-6.1224495185e-01
-8.7492217469e+01
5.8495180295e+00
-1.3000285507e+01
1.0138652277e+02
-9.4886387343e+01
CMTX
18
5:6:7:8:9:10
BARREL
RPHI
FLOATPT
1.8000000000e+01 2.5000000000e+01
-inf inf
1
2
12
9.6518392842e-01
-2.7039313759e-04
4.5632355647e-01
-1.2532847973e-04
-1.7074983089e+00
4.6806552616e-04
-3.7287609214e+00
1.0229875722e-03
-2.2534475198e+00
6.1591934302e-04
6.2682039311e+00
-1.7165359396e-03
-9.5890880114e-01
2.6906509958e-04
-4.3943506086e-01
1.2056630304e-04
1.4202258864e+00
-3.8867353823e-04
2.6597798906e+00
-7.2922402679e-04
1.7574577253e+00
-4.8032339327e-04
-3.4391241326e+00
9.4357476255e-04
QVEC
18
5:6:7:8:9:10
BARREL
RPHI
FLOATPT
1.8000000000e+01 2.5000000000e+01
-inf inf
1
1
2
4.7956042617e-02
-3.4630349204e-04
AMTX
18
5:6:7:8:9:10
BARREL
RPHI
FLOATPT
1.8000000000e+01 2.5000000000e+01
-inf inf
1
10
12
3.5575455021e+02
-1.0064832515e-01
9.3740043064e+02
-2.6397639025e-01
-1.3783702930e+03
3.8215459090e-01
-1.1326564060e+04
3.1008333328e+00
2.2256696856e+04
-6.0973680420e+00
-1.0844916583e+04
2.9662541482e+00
1.1324599186e+03
-3.1545443098e-01
1.2062902595e+03
-3.3146659030e-01
-1.3144932031e+04
3.6099161077e+00
1.2905527699e+04
-3.5409694513e+00
3.1344657345e+03
-8.5583097682e-01
-5.2338064137e+03
1.4358810892e+00
2.8760056571e+03
-8.0668027529e-01
-8.6196818045e+03
2.3797226606e+00
4.0176985652e+03
-1.0967355134e+00
3.3443005326e+03
-9.1963152180e-01
9.9462299055e+02
-2.7345436349e-01
-2.6129504399e+03
7.1253452080e-01
-7.6062303063e+02
2.0992718961e-01
5.1628991345e+02
-1.4192112840e-01
7.4682661396e+02
-1.9771696592e-01
4.7078081543e+02
-1.3382168070e-01
-1.3312762813e+02
3.6459718604e-02
-8.4014833906e+02
2.3760591742e-01
-2.3307580283e+02
6.7819169351e-02
-9.4082764588e+01
2.9196602198e-02
-7.7210292325e+00
-2.3774376076e-03
5.8593328623e+01
-1.1546115371e-02
1.1541886942e+02
-3.3773606389e-02
1.6087842966e+02
-4.6803348172e-02
-2.5190196942e-02
9.4245397564e-01
-2.5475764094e-02
-6.5783166768e-02
-2.5452384035e-02
2.7557493158e-02
-2.5303270826e-02
5.8166888009e-01
-2.5482658741e-02
-6.2984054319e-02
-2.5383971815e-02
3.0766413337e-01
-6.5851672784e-02
-7.0589986157e-02
-6.6003014162e-02
-6.3841877232e-01
-6.5662570839e-02
5.8167323930e-01
-6.5880049022e-02
-2.3052134043e-01
-6.5894832654e-02
-3.0530825026e-01
-6.5704545045e-02
3.6836638743e-01
8.2220247725e-02
-4.6966042698e-02
8.2156797383e-02
-2.8232931958e-01
8.2358704260e-02
4.5319251858e-01
8.2342186529e-02
3.9558159986e-01
8.2326391432e-02
3.4276171676e-01
8.2068831701e-02
-5.9409584954e-01
2.3756055526e-03
-1.0152779291e-01
2.4411573179e-03
1.4682015776e-01
2.4064517906e-03
3.3111603092e-02
2.4681115907e-03
2.6758938793e-01
2.1643548195e-03
-8.3000069321e-01
2.2972050798e-03
-3.3521923324e-01
-3.5931205857e-03
-3.5348472509e-01
-3.3737199899e-03
4.4288613980e-01
-3.3916328552e-03
3.7978389670e-01
-3.3873372766e-03
3.9218066472e-01
-3.4671647630e-03
9.3678645306e-02
-3.3761001491e-03
4.1951614511e-01
KVEC
18
5:6:7:8:9:10
BARREL
RPHI
FLOATPT
1.8000000000e+01 2.5000000000e+01
-inf inf
1
1
10
-7.7549314454e-01
3.8392935725e-01
-2.6914362088e-01
8.7492320716e-01
-1.5139654068e-01
8.7570543461e+01
1.2290326816e+00
6.1935736680e+00
-8.6674063217e+01
1.0718358443e+02
CMTX
18
5:6:7:8:9:10
BARREL
RPHI
FLOATPT
2.5000000000e+01 5.0000000000e+01
-inf inf
1
2
12
1.0882119612e+00
-1.9340652843e-04
3.7855273105e-01
-6.2711605844e-05
-2.2532384357e+00
3.8939356843e-04
-3.5828379163e+00
6.1783448401e-04
-1.2385299253e+00
2.1044331224e-04
5.6078470629e+00
-9.6431083829e-04
-9.9012718407e-01
1.7619498858e-04
-4.7002167131e-01
7.8961756894e-05
1.6562237871e+00
-2.8543350109e-04
2.6537626351e+00
-4.5719378123e-04
1.3496054807e+00
-2.3028211368e-04
-3.1994471885e+00
5.4954985484e-04
QVEC
18
5:6:7:8:9:10
BARREL
RPHI
FLOATPT
2.5000000000e+01 5.0000000000e+01
-inf inf
1
1
2
3.0120402019e-02
-4.6123494290e-05
AMTX
18
5:6:7:8:9:10
BARREL
RPHI
FLOATPT
2.5000000000e+01 5.0000000000e+01
-inf inf
1
10
12
3.3364653041e+02
-5.6487548757e-02
9.5095741322e+02
-1.7261929826e-01
-1.8077968601e+03
3.1917107126e-01
-9.3761963368e+03
1.6154405442e+00
1.9535560344e+04
-3.3615325678e+00
-9.6361780003e+03
1.6576569120e+00
1.1045800846e+03
-1.9570277981e-01
9.8219399987e+02
-1.6983698164e-01
-1.2281992844e+04
2.1204028506e+00
1.2445705796e+04
-2.1426690313e+00
2.4510506782e+03
-4.2582256967e-01
-4.7015342137e+03
8.1081511226e-01
2.8391219142e+03
-5.1148469043e-01
-8.4954527095e+03
1.4802344109e+00
3.9941088357e+03
-6.9127829349e-01
3.1979691877e+03
-5.5135135305e-01
1.0125620848e+03
-1.6796933700e-01
-2.5483036217e+03
4.3345820847e-01
-7.0894756976e+02
1.3219194811e-01
4.2219886661e+02
-7.4750874803e-02
6.4486996705e+02
-1.0874866569e-01
4.2179563682e+02
-7.3241289836e-02
-8.7742474678e+01
1.6215625654e-02
-6.9215987630e+02
1.2036398759e-01
2.0187190772e+02
-3.3570550744e-02
9.0049233961e+01
-1.5124061006e-02
1.4835316392e+01
9.5826071506e-04
-4.7750754412e+01
2.4099892850e-03
-1.0522968760e+02
1.9024111175e-02
-1.5377807090e+02
2.7286195780e-02
2.7235977477e-02
-9.3716239574e-01
2.7428260947e-02
1.1553953242e-01
2.7399644382e-02
-5.1261737048e-02
2.7309353758e-02
-5.7572660623e-01
2.7419779196e-02
6.9788556626e-02
2.7354335205e-02
-3.0219490733e-01
-6.5732520581e-02
-1.2663743564e-01
-6.5822230514e-02
-6.5956596037e-01
-6.5609015281e-02
5.5280714134e-01
-6.5741934684e-02
-2.3006092120e-01
-6.5755530747e-02
-3.1844538308e-01
-6.5633944022e-02
3.7584123801e-01
-4.8345268573e-02
1.0119846151e-01
-4.8342474848e-02
1.0512677063e-01
-4.8442372388e-02
-4.8449031860e-01
-4.8436273363e-02
-4.5781335398e-01
-4.8340846658e-02
8.8017473478e-02
-4.8239121505e-02
6.7480577753e-01
4.8397465994e-02
4.2717116640e-02
4.8350406366e-02
-2.3180642111e-01
4.8429339524e-02
2.2025620944e-01
4.8385395879e-02
-4.5993938787e-02
4.8548508175e-02
8.9103690686e-01
4.8407949417e-02
6.1237677334e-02
-9.2073270058e-02
4.6970532765e-01
-9.2141404409e-02
5.9305541745e-02
-9.2123146444e-02
1.4154786906e-01
-9.2243448279e-02
-5.7879165069e-01
-9.2142628289e-02
-1.3830531613e-02
-9.2207208056e-02
-4.0854598839e-01
KVEC
18
5:6:7:8:9:10
BARREL
RPHI
FLOATPT
2.5000000000e+01 5.0000000000e+01
-inf inf
1
1
10
1.8075565923e-01
-5.0932709234e-02
-1.2597290181e-01
5.2763419166e-01
-3.3130810140e-02
-8.5258401203e+01
-2.5827481476e+00
3.0111931351e+01
8.6771603772e+01
-6.5918902620e+01
CMTX
18
5:6:7:8:9:10
BARREL
RPHI
FLOATPT
5.0000000000e+01 1.0000000000e+02
-inf inf
1
2
12
9.0083296421e-01
-8.2786923649e-05
5.9449113079e-01
-5.2590960868e-05
-1.6632595052e+00
1.4434689788e-04
-3.7665697147e+00
3.2577623544e-04
-2.5410588692e+00
2.1795699105e-04
6.4755684829e+00
-5.5624232115e-04
-8.2494287703e-01
7.5420847390e-05
-6.6932200654e-01
5.9422036012e-05
1.1422284920e+00
-9.9068010589e-05
2.8651479404e+00
-2.4744723330e-04
2.4138056562e+00
-2.0756289849e-04
-3.9269198168e+00
3.3676148498e-04
QVEC
18
5:6:7:8:9:10
BARREL
RPHI
FLOATPT
5.0000000000e+01 1.0000000000e+02
-inf inf
1
1
2
1.4990491511e-02
5.9283047265e-05
AMTX
18
5:6:7:8:9:10
BARREL
RPHI
FLOATPT
5.0000000000e+01 1.0000000000e+02
-inf inf
1
10
12
-5.6446726077e+02
5.1764018643e-02
-1.1832787397e+03
1.1459795543e-01
2.7904767512e+03
-2.4545182429e-01
1.2981015595e+04
-1.1251448616e+00
-2.7995228566e+04
2.4092251193e+00
1.3971466602e+04
-1.1958285211e+00
1.4121094063e+03
-1.3361108425e-01
9.0709752015e+02
-8.1282119408e-02
-1.4736033795e+04
1.2865747589e+00
1.5408915941e+04
-1.3356415739e+00
2.7457154360e+03
-2.3730334485e-01
-5.7377976686e+03
4.9301474209e-01
-2.9568953370e+03
2.7627409259e-01
9.0183198162e+03
-8.0035380665e-01
-4.4840915008e+03
3.9296764909e-01
-3.3575597266e+03
2.8614987094e-01
-9.5854845212e+02
7.8184619449e-02
2.7387690834e+03
-2.2585141577e-01
9.5099992538e+02
-8.3053685683e-02
-7.8492098764e+02
7.0206607531e-02
-1.0386053386e+03
9.5656018890e-02
-6.1523940103e+02
5.4149035682e-02
2.4528117529e+02
-2.2029781839e-02
1.2424870907e+03
-1.0397740972e-01
2.7229917769e+02
-2.0233981809e-02
9.5745689887e+01
-1.1381851892e-02
-4.8352204027e+00
1.6196108752e-03
-7.3717608215e+01
2.4055961693e-03
-1.2586308438e+02
1.4459554340e-02
-1.6362963866e+02
9.0039369437e-03
-2.8684442571e-02
9.3169456535e-01
-2.8778274753e-02
-1.2158475571e-01
-2.8760508227e-02
6.5984643712e-02
-2.8715050243e-02
5.9091048093e-01
-2.8777478142e-02
-1.1910251536e-01
-2.8743695003e-02
2.8842127231e-01
7.1286066965e-02
1.5816952833e-01
7.1330727536e-02
6.6163978131e-01
7.1226822087e-02
-5.1243433439e-01
7.1292263708e-02
2.3147677824e-01
7.1305419131e-02
3.7464750691e-01
7.1240277009e-02
-3.9170210628e-01
-2.6174472157e-02
1.2248121132e-01
-2.6186188373e-02
1.5412858139e-02
-2.6227729463e-02
-4.6169575889e-01
-2.6224079862e-02
-4.1870960462e-01
-2.6163391602e-02
2.8552495845e-01
-2.6130302154e-02
6.7656110413e-01
-5.1654592236e-02
-3.4695642212e-02
-5.1636600816e-02
2.4061587222e-01
-5.1695284221e-02
-3.9379757730e-01
-5.1667441755e-02
-4.9984093703e-02
-5.1735175229e-02
-8.2155981540e-01
-5.1662579225e-02
3.5850156968e-02
-6.8830238584e-02
4.7773235585e-01
-6.8869575082e-02
-5.4405521621e-02
-6.8854210415e-02
5.8070603798e-02
-6.8906753613e-02
-5.9076359305e-01
-6.8854774159e-02
-2.0281054648e-02
-6.8887146508e-02
-4.1866260420e-01
KVEC
18
5:6:7:8:9:10
BARREL
RPHI
FLOATPT
5.0000000000e+01 1.0000000000e+02
-inf inf
1
1
10
3.7487754726e-01
-2.7182818045e-01
4.5985639872e-01
6.7118432825e-01
-5.0526719616e-01
8.0851075019e+01
8.8454872640e+00
4.9156138484e+01
-8.5045719513e+01
-7.6208523169e+01
CMTX
18
5:6:7:8:9:10
BARREL
RPHI
FLOATPT
1.0000000000e+02 2.0000000000e+02
-inf inf
1
2
12
7.9308029386e-01
-3.7572343182e-05
6.5780668164e-01
-2.8793886019e-05
-1.3181368797e+00
6.2182046899e-05
-3.7497260785e+00
1.6256406321e-04
-3.1286608381e+00
1.3329550752e-04
6.7456357439e+00
-2.8807830169e-04
-7.3799474156e-01
3.5072348370e-05
-7.1462072334e-01
3.2032302639e-05
8.4872695455e-01
-4.0682010206e-05
2.8475878004e+00
-1.2335567322e-04
2.9174395497e+00
-1.2473099711e-04
-4.1611369968e+00
1.7685994704e-04
QVEC
18
5:6:7:8:9:10
BARREL
RPHI
FLOATPT
1.0000000000e+02 2.0000000000e+02
-inf inf
1
1
2
7.1435140354e-03
3.1288530394e-04
AMTX
18
5:6:7:8:9:10
BARREL
RPHI
FLOATPT
1.0000000000e+02 2.0000000000e+02
-inf inf
1
10
12
-6.7905115027e+02
3.5968298147e-02
-1.0677046579e+03
5.5198045513e-02
2.8146659307e+03
-1.1570935210e-01
1.4897551987e+04
-6.4060757133e-01
-3.2269341405e+04
1.3908368128e+00
1.6303845852e+04
-7.0682975562e-01
-1.4823044844e+03
7.6795372443e-02
-8.3429353231e+02
3.6994964305e-02
1.5567692459e+04
-6.8718748194e-01
-1.6726847315e+04
7.3242457685e-01
-3.0223617879e+03
1.2735032499e-01
6.4981146665e+03
-2.8039191688e-01
2.7685365111e+03
-1.3553989909e-01
-9.0935765644e+03
4.1943509941e-01
5.1301711982e+03
-2.2571714598e-01
3.6135779785e+03
-1.5884586395e-01
7.5491201213e+02
-2.1457150325e-02
-3.1736037667e+03
1.3554576461e-01
-1.6154042302e+03
8.3967329309e-02
1.6419251305e+03
-7.8614741382e-02
1.7984112443e+03
-9.1530420427e-02
9.6435987795e+02
-3.5889314940e-02
-5.4976087281e+02
2.3639298708e-02
-2.2395207175e+03
9.4668548768e-02
2.9906769990e+02
-1.3906507758e-02
9.4710648274e+01
-2.1287791434e-02
-1.5055224995e+01
7.5915942156e-03
-8.4514900526e+01
-5.3764787085e-03
-1.3181385880e+02
1.9817324349e-03
-1.6240956938e+02
1.7071321140e-02
2.4273345369e-02
-9.2793020738e-01
2.4324814156e-02
1.4520783966e-01
2.4314729741e-02
-4.7252518292e-02
2.4289884107e-02
-5.8325920274e-01
2.4317790742e-02
8.8038142011e-02
2.4300705932e-02
-2.8980417867e-01
-5.8286127063e-02
-1.7788985207e-01
-5.8277395231e-02
-6.8393366116e-01
-5.8205975078e-02
5.1948302076e-01
-5.8226295903e-02
-1.6747454554e-01
-5.8231143325e-02
-4.2372627025e-01
-5.8195468145e-02
3.2123329418e-01
1.7179827286e-02
-4.8105333370e-02
1.7173170488e-02
1.5593947526e-02
1.7189203477e-02
5.0527984867e-01
1.7180233980e-02
3.8902765472e-01
1.7156422106e-02
-1.0420933257e-01
1.7127429255e-02
-7.2651791605e-01
-3.8996997480e-02
-5.7501591203e-02
-3.8989936131e-02
2.5406751426e-01
-3.9018583830e-02
-3.3338353762e-01
-3.9002305154e-02
7.7427019120e-02
-3.9043274417e-02
-8.4295966033e-01
-3.9010629543e-02
-6.5761246535e-02
-1.1818353418e-01
4.5512641065e-01
-1.1819107703e-01
1.7588916867e-01
-1.1818724673e-01
1.9806948100e-01
-1.1822153462e-01
-6.2149838264e-01
-1.1819632340e-01
-6.2756999530e-02
-1.1820341471e-01
-2.2915598703e-01
KVEC
18
5:6:7:8:9:10
BARREL
RPHI
FLOATPT
1.0000000000e+02 2.0000000000e+02
-inf inf
1
1
10
3.5890574068e-01
1.8899766054e-02
1.0696821118e+00
-4.2785448171e-01
-2.0646018198e-01
-8.1397082424e+01
-1.7135234756e+01
-3.5622028923e+01
-8.6002683363e+01
-4.7483354218e+01
CMTX
18
5:6:7
BARREL
RZ
FLOATPT
-inf inf
-6.0000000000e-01 -5.5000000000e-01
0
2
6
-3.5539902328e-02
-2.1609242971e-02
1.3702119303e-03
8.3164726616e-04
3.4174495270e-02
2.0793479152e-02
1.6174727295e+00
9.8326417037e-01
3.1589724663e-01
1.9220964095e-01
-9.3357684779e-01
-5.6804232294e-01
QVEC
18
5:6:7
BARREL
RZ
FLOATPT
-inf inf
-6.0000000000e-01 -5.5000000000e-01
0
1
2
-6.0764234664e-01
-2.5629885920e-03
AMTX
18
5:6:7
BARREL
RZ
FLOATPT
-inf inf
-6.0000000000e-01 -5.5000000000e-01
0
4
6
-1.0492569537e+01
-6.3845519933e+00
1.9328199934e+01
1.1778933611e+01
-8.8356461531e+00
-5.3853537999e+00
-2.0147625988e+00
-1.3247024325e+00
-1.2367366308e-01
-8.4546749174e-02
2.1282756973e+00
1.3753446275e+00
-1.6876376793e-01
7.6596314601e-01
1.7140627315e-01
2.2128105863e-01
3.7821810491e-03
5.1369803084e-01
-1.0599935685e-01
-2.5386318089e-03
3.2678373498e-01
-7.2043891221e-01
-2.2264207672e-01
1.7189947774e-01
KVEC
18
5:6:7
BARREL
RZ
FLOATPT
-inf inf
-6.0000000000e-01 -5.5000000000e-01
0
1
4
2.9591676728e-01
1.4852205724e+00
4.9845425938e+01
-1.5709618143e+01
CMTX
18
5:6:7
BARREL
RZ
FLOATPT
-inf inf
-5.5000000000e-01 -5.0000000000e-01
0
2
6
-3.5369839715e-02
-1.9473387876e-02
1.1627658270e-03
6.4134681178e-04
3.4210841418e-02
1.8842057106e-02
1.6118876673e+00
8.8683359996e-01
3.2282048599e-01
1.7780677565e-01
-9.3484686026e-01
-5.1508416302e-01
QVEC
18
5:6:7
BARREL
RZ
FLOATPT
-inf inf
-5.5000000000e-01 -5.0000000000e-01
0
1
2
-5.4994265672e-01
9.2456775968e-03
AMTX
18
5:6:7
BARREL
RZ
FLOATPT
-inf inf
-5.5000000000e-01 -5.0000000000e-01
0
4
6
-1.0428268030e+01
-5.7367781236e+00
1.9221522544e+01
1.0589886743e+01
-8.7930105215e+00
-4.8480995373e+00
2.0723887095e+00
1.2401306532e+00
1.2050443682e-01
8.3939404264e-02
-2.1834946087e+00
-1.3038306404e+00
-1.7631462531e-01
8.1022047479e-01
1.2055662132e-01
2.8840048519e-01
6.0108454062e-02
4.1943798388e-01
-1.8069775450e-01
1.5494565478e-01
3.1841862687e-01
-7.5344583094e-01
-1.3725543487e-01
7.0945130543e-02
KVEC
18
5:6:7
BARREL
RZ
FLOATPT
-inf inf
-5.5000000000e-01 -5.0000000000e-01
0
1
4
1.1048048215e-01
-2.2635536669e+00
4.8120194333e+01
-1.9819089474e+01
CMTX
18
5:6:7
BARREL
RZ
FLOATPT
-inf inf
-5.0000000000e-01 -4.5000000000e-01
0
2
6
-3.5245907616e-02
-1.7398114608e-02
7.6349314867e-04
3.6691968835e-04
3.4484992914e-02
1.7044654998e-02
1.6088499052e+00
7.9395769445e-01
3.3256995734e-01
1.6455866375e-01
-9.4152003700e-01
-4.6550498075e-01
QVEC
18
5:6:7
BARREL
RZ
FLOATPT
-inf inf
-5.0000000000e-01 -4.5000000000e-01
0
1
2
-4.9348736864e-01
8.9565060064e-03
AMTX
18
5:6:7
BARREL
RZ
FLOATPT
-inf inf
-5.0000000000e-01 -4.5000000000e-01
0
4
6
-1.0326555563e+01
-5.0942616735e+00
1.9107938857e+01
9.4396125593e+00
-8.7819618803e+00
-4.3463090119e+00
-2.1209194743e+00
-1.1632911989e+00
-1.1997173840e-01
-7.3007061575e-02
2.2358687632e+00
1.1989523261e+00
2.0667522124e-01
-8.6054493979e-01
-7.5596134225e-02
-3.2352562221e-01
-1.3361687522e-01
-2.4743445072e-01
-8.6612750417e-02
1.3283785902e-01
3.0482018375e-01
-6.7150997425e-01
-2.1531905459e-01
3.6682061431e-01
KVEC
18
5:6:7
BARREL
RZ
FLOATPT
-inf inf
-5.0000000000e-01 -4.5000000000e-01
0
1
4
-1.5000872313e-01
1.6612721581e+00
-4.1307345170e+01
-1.3170590325e+00
CMTX
18
5:6:7
BARREL
RZ
FLOATPT
-inf inf
-4.5000000000e-01 -4.0000000000e-01
0
2
6
-3.4902158656e-02
-1.5293223005e-02
1.3977059983e-04
5.5762238759e-05
3.4766228894e-02
1.5266758865e-02
1.5979742679e+00
7.0014886780e-01
3.5189179009e-01
1.5475105433e-01
-9.5002881417e-01
-4.1736385765e-01
QVEC
18
5:6:7
BARREL
RZ
FLOATPT
-inf inf
-4.5000000000e-01 -4.0000000000e-01
0
1
2
-4.3887243849e-01
1.8917832705e-02
AMTX
18
5:6:7
BARREL
RZ
FLOATPT
-inf inf
-4.5000000000e-01 -4.0000000000e-01
0
4
6
1.0281562184e+01
4.5051973794e+00
-1.8981437195e+01
-8.3386693794e+00
8.7002754605e+00
3.8297665235e+00
2.1697718655e+00
1.0520250542e+00
1.2988619079e-01
6.2079545404e-02
-2.2895487944e+00
-1.0824242898e+00
2.3270709753e-01
-8.9272651375e-01
-2.7963766802e-02
-3.4120789668e-01
-2.0426752755e-01
7.9608221763e-03
1.2335804197e-01
7.0214300990e-02
1.1972259311e-01
5.3238818051e-02
-2.3897468458e-01
8.3841943992e-01
KVEC
18
5:6:7
BARREL
RZ
FLOATPT
-inf inf
-4.5000000000e-01 -4.0000000000e-01
0
1
4
5.5350332825e-02
-1.4718106304e+00
-2.9459790857e+01
4.8142875879e+01
CMTX
18
5:6:7
BARREL
RZ
FLOATPT
-inf inf
-4.0000000000e-01 -3.5000000000e-01
0
2
6
-3.4510318633e-02
-1.3250400417e-02
-5.4190156352e-04
-2.1684298826e-04
3.5053446440e-02
1.3465129870e-02
1.5873128834e+00
6.0940251667e-01
3.7005258901e-01
1.4247807397e-01
-9.5739888589e-01
-3.6790113578e-01
QVEC
18
5:6:7
BARREL
RZ
FLOATPT
-inf inf
-4.0000000000e-01 -3.5000000000e-01
0
1
2
-3.8325602383e-01
-1.2793440170e-02
AMTX
18
5:6:7
BARREL
RZ
FLOATPT
-inf inf
-4.0000000000e-01 -3.5000000000e-01
0
4
6
-1.0310538902e+01
-3.9658697561e+00
1.8986424872e+01
7.3099222417e+00
-8.6758154344e+00
-3.3533299329e+00
2.2030264586e+00
9.4346391181e-01
1.3205247281e-01
6.0550807288e-02
-2.3291353143e+00
-9.8381934014e-01
1.9781269892e-01
-8.9399939803e-01
-1.4890578923e-02
-3.8769649078e-01
-1.8258974333e-01
-7.9638744435e-03
3.1919369268e-02
-2.3801510445e-01
-2.4047151230e-01
4.8876807713e-01
2.1041549823e-01
-6.5711776938e-01
KVEC
18
5:6:7
BARREL
RZ
FLOATPT
-inf inf
-4.0000000000e-01 -3.5000000000e-01
0
1
4
-5.1288272108e-01
-1.9098654710e+00
-3.2573734599e+01
-2.2406407996e+01
CMTX
18
5:6:7
BARREL
RZ
FLOATPT
-inf inf
-3.5000000000e-01 -3.0000000000e-01
0
2
6
-3.4317059744e-02
-1.1342577215e-02
-9.3024950496e-04
-3.1070803197e-04
3.5249458526e-02
1.1675113113e-02
1.5829063027e+00
5.2340013866e-01
3.7789470833e-01
1.2513129787e-01
-9.6084777977e-01
-3.1812802745e-01
QVEC
18
5:6:7
BARREL
RZ
FLOATPT
-inf inf
-3.5000000000e-01 -3.0000000000e-01
0
1
2
-3.3105775169e-01
2.2045553238e-03
AMTX
18
5:6:7
BARREL
RZ
FLOATPT
-inf inf
-3.5000000000e-01 -3.0000000000e-01
0
4
6
-1.0289179046e+01
-3.4151704373e+00
1.8991934929e+01
6.3019610594e+00
-8.7032211815e+00
-2.8977019893e+00
2.2548490798e+00
8.1201452869e-01
1.2585139921e-01
6.9665209406e-02
-2.3737471277e+00
-8.5767225969e-01
-1.6329352279e-01
9.2082629200e-01
3.7911048095e-02
3.5113979263e-01
1.2766883068e-01
1.2324281474e-01
-1.9267471410e-02
1.5855785164e-01
2.2354937271e-01
-6.0327560389e-01
-2.0591231376e-01
6.5315914801e-01
KVEC
18
5:6:7
BARREL
RZ
FLOATPT
-inf inf
-3.5000000000e-01 -3.0000000000e-01
0
1
4
-4.5736623596e-01
-1.1233947701e+00
3.8383852920e+01
1.6168122545e+01
CMTX
18
5:6:7
BARREL
RZ
FLOATPT
-inf inf
-3.0000000000e-01 -2.5000000000e-01
0
2
6
-3.4135492066e-02
-9.5148422238e-03
-1.1435025791e-03
-3.3047834783e-04
3.5283795936e-02
9.8534760114e-03
1.5786052274e+00
4.3991270916e-01
3.8179218806e-01
1.0676251863e-01
-9.6055913457e-01
-2.6849682084e-01
QVEC
18
5:6:7
BARREL
RZ
FLOATPT
-inf inf
-3.0000000000e-01 -2.5000000000e-01
0
1
2
-2.7877662849e-01
1.8170364456e-02
AMTX
18
5:6:7
BARREL
RZ
FLOATPT
-inf inf
-3.0000000000e-01 -2.5000000000e-01
0
4
6
1.0255745006e+01
2.8620490088e+00
-1.8973377267e+01
-5.3025741917e+00
8.7176512948e+00
2.4415664755e+00
-2.2906903955e+00
-6.8466702215e-01
-1.2790211359e-01
-5.3816148291e-02
2.4103760607e+00
7.0748431972e-01
-1.3237359920e-01
8.9347568054e-01
1.3825894198e-01
-5.8495569909e-02
-3.3925531426e-03
4.6816491267e-01
-5.4384708328e-02
3.3902708741e-01
-1.5189674803e-01
7.1944947371e-01
2.0705183008e-01
-5.2614671789e-01
KVEC
18
5:6:7
BARREL
RZ
FLOATPT
-inf inf
-3.0000000000e-01 -2.5000000000e-01
0
1
4
1.1620550286e-01
8.9003018492e-02
4.1498702132e+01
5.6336782711e+00
CMTX
18
5:6:7
BARREL
RZ
FLOATPT
-inf inf
-2.5000000000e-01 -2.0000000000e-01
0
2
6
-3.4180415509e-02
-7.7809166363e-03
-1.0204574072e-03
-2.3783975267e-04
3.5202202565e-02
8.0169099636e-03
1.5800927894e+00
3.5927786359e-01
3.7673078779e-01
8.5754500138e-02
-9.5688121672e-01
-2.1821466972e-01
QVEC
18
5:6:7
BARREL
RZ
FLOATPT
-inf inf
-2.5000000000e-01 -2.0000000000e-01
0
1
2
-2.2720117035e-01
2.0544035323e-02
AMTX
18
5:6:7
BARREL
RZ
FLOATPT
-inf inf
-2.5000000000e-01 -2.0000000000e-01
0
4
6
-1.0226305137e+01
-2.3257982981e+00
1.8941898341e+01
4.3157760670e+00
-8.7147189046e+00
-1.9896321977e+00
2.3101702001e+00
5.6924283574e-01
1.2708796278e-01
3.4986873486e-02
-2.4336566672e+00
-5.9384486064e-01
1.1148436964e-01
-8.0403606200e-01
-1.5253110817e-01
3.4435266656e-01
3.9259248547e-02
-5.1027548796e-01
-8.6260218596e-02
5.8170993063e-01
-8.7887634888e-02
6.2817039078e-01
1.7376923442e-01
-4.7188751292e-01
KVEC
18
5:6:7
BARREL
RZ
FLOATPT
-inf inf
-2.5000000000e-01 -2.0000000000e-01
0
1
4
-6.8186793070e-02
-8.3229259305e-01
-3.1683636793e+01
1.0889013849e+01
CMTX
18
5:6:7
BARREL
RZ
FLOATPT
-inf inf
-2.0000000000e-01 -1.5000000000e-01
0
2
6
-3.4081653364e-02
-6.0159297417e-03
-1.1942650323e-03
-1.9699829140e-04
3.5279255690e-02
6.2246284649e-03
1.5775507988e+00
2.7820016163e-01
3.7984058552e-01
6.6557632881e-02
-9.5750010545e-01
-1.6906256930e-01
QVEC
18
5:6:7
BARREL
RZ
FLOATPT
-inf inf
-2.0000000000e-01 -1.5000000000e-01
0
1
2
-1.7652495305e-01
1.8367939706e-02
AMTX
18
5:6:7
BARREL
RZ
FLOATPT
-inf inf
-2.0000000000e-01 -1.5000000000e-01
0
4
6
1.0195250939e+01
1.8064404181e+00
-1.8862170116e+01
-3.3310629356e+00
8.6668409848e+00
1.5284157659e+00
-2.3419922948e+00
-4.5768632173e-01
-1.3255527011e-01
-2.5330223129e-02
2.4662106679e+00
4.8747854802e-01
-1.1373338735e-01
8.8408402894e-01
1.1606396081e-01
-3.9194152613e-01
-4.8201737090e-03
3.1922417568e-01
-7.1983239606e-02
4.9890896315e-01
-7.9634111264e-02
6.0438877900e-01
1.5148841700e-01
-6.3405734287e-01
KVEC
18
5:6:7
BARREL
RZ
FLOATPT
-inf inf
-2.0000000000e-01 -1.5000000000e-01
0
1
4
-2.0720399751e-03
1.5739182635e+00
2.2105577237e+01
2.0805635608e-01
CMTX
18
5:6:7
BARREL
RZ
FLOATPT
-inf inf
-1.5000000000e-01 -1.0000000000e-01
0
2
6
-3.4044647413e-02
-4.2741947132e-03
-1.3777923301e-03
-1.6336221436e-04
3.5425488026e-02
4.4575125154e-03
1.5756033685e+00
1.9760188851e-01
3.8538396715e-01
4.7977134578e-02
-9.6109017750e-01
-1.2104918136e-01
QVEC
18
5:6:7
BARREL
RZ
FLOATPT
-inf inf
-1.5000000000e-01 -1.0000000000e-01
0
1
2
-1.2616943258e-01
3.4035465074e-02
AMTX
18
5:6:7
BARREL
RZ
FLOATPT
-inf inf
-1.5000000000e-01 -1.0000000000e-01
0
4
6
1.0135926008e+01
1.2738263612e+00
-1.8719496069e+01
-2.3524441245e+00
8.5832228043e+00
1.0771937248e+00
-2.3713745155e+00
-3.3390311919e-01
-1.3847173490e-01
-1.9896745490e-02
2.5004893180e+00
3.3441264732e-01
-1.0629171693e-01
9.9519050269e-01
2.7872635682e-02
-9.1713891815e-03
7.4782775204e-02
-3.0823204701e-01
1.9055385416e-02
-1.9979583461e-01
-9.6826447520e-02
7.3468898770e-01
8.0509280928e-02
-6.6273629936e-01
KVEC
18
5:6:7
BARREL
RZ
FLOATPT
-inf inf
-1.5000000000e-01 -1.0000000000e-01
0
1
4
-8.6869622896e-02
1.2424877460e-01
6.4641006383e+00
-1.2090926920e+01
CMTX
18
5:6:7
BARREL
RZ
FLOATPT
-inf inf
-1.0000000000e-01 -5.0000000000e-02
0
2
6
-3.4109318720e-02
-2.5460664812e-03
-1.1901549332e-03
-7.3013538707e-05
3.5300387717e-02
2.6450421395e-03
1.5785358891e+00
1.1786935614e-01
3.8088656576e-01
2.7941961619e-02
-9.5945316149e-01
-7.1771376475e-02
QVEC
18
5:6:7
BARREL
RZ
FLOATPT
-inf inf
-1.0000000000e-01 -5.0000000000e-02
0
1
2
-7.5599632313e-02
2.1821797241e-02
AMTX
18
5:6:7
BARREL
RZ
FLOATPT
-inf inf
-1.0000000000e-01 -5.0000000000e-02
0
4
6
-1.0087876111e+01
-7.6451115782e-01
1.8620416307e+01
1.3955854561e+00
-8.5326744632e+00
-6.4007044323e-01
-2.3625061652e+00
-2.0313002541e-01
-1.3677469443e-01
-2.3041460713e-02
2.4944243612e+00
1.9512782398e-01
6.5182879124e-02
-1.0030333030e+00
-3.8105750479e-02
3.1159255129e-01
-2.4763564820e-02
7.1682539685e-02
1.1519432936e-02
-1.5372607756e-01
4.6430732258e-02
-6.6690893115e-01
-6.3133014056e-02
7.4029868158e-01
KVEC
18
5:6:7
BARREL
RZ
FLOATPT
-inf inf
-1.0000000000e-01 -5.0000000000e-02
0
1
4
-2.0809629043e-01
-6.4564643589e-01
-8.0856312801e+00
1.0336928440e+01
CMTX
18
5:6:7
BARREL
RZ
FLOATPT
-inf inf
-5.0000000000e-02 0.0000000000e+00
0
2
6
-3.4251241728e-02
-8.4137455814e-04
-9.4348642501e-04
-6.5247035056e-06
3.5197854419e-02
8.6188303534e-04
1.5874489389e+00
3.9166085537e-02
3.6732522858e-01
8.4832456574e-03
-9.5489089316e-01
-2.3132724524e-02
QVEC
18
5:6:7
BARREL
RZ
FLOATPT
-inf inf
-5.0000000000e-02 0.0000000000e+00
0
1
2
-2.4973544978e-02
-2.1144371656e-03
AMTX
18
5:6:7
BARREL
RZ
FLOATPT
-inf inf
-5.0000000000e-02 0.0000000000e+00
0
4
6
1.0088223908e+01
2.5717900400e-01
-1.8633979963e+01
-4.6350797580e-01
8.5459312876e+00
2.1366271161e-01
2.3764918949e+00
7.3401608898e-02
1.3670820529e-01
1.4313089726e-02
-2.5065202019e+00
-8.8261061521e-02
1.9003018386e-02
-9.3314468529e-01
-1.7062499951e-02
4.8304886132e-01
-1.4960019117e-04
-2.0821739389e-01
-1.2853400639e-02
4.1919788588e-01
-9.0387349647e-03
4.9760176741e-01
2.7957252351e-02
-7.2472583454e-01
KVEC
18
5:6:7
BARREL
RZ
FLOATPT
-inf inf
-5.0000000000e-02 0.0000000000e+00
0
1
4
1.9058687297e-01
-5.8824875790e-01
-1.4646007581e+01
-9.4093767916e+00
CMTX
18
5:6:7
BARREL
RZ
FLOATPT
-inf inf
0.0000000000e+00 5.0000000000e-02
0
2
6
-3.4337129187e-02
8.6049877376e-04
-9.1890195598e-04
2.3659752927e-05
3.5259352048e-02
-8.9675745849e-04
1.5879405297e+00
-3.9761224198e-02
3.6835902695e-01
-9.1112060320e-03
-9.5642995901e-01
2.4523532497e-02
QVEC
18
5:6:7
BARREL
RZ
FLOATPT
-inf inf
0.0000000000e+00 5.0000000000e-02
0
1
2
2.5658131734e-02
-3.2125630545e-02
AMTX
18
5:6:7
BARREL
RZ
FLOATPT
-inf inf
0.0000000000e+00 5.0000000000e-02
0
4
6
1.0038069562e+01
-2.5043431005e-01
-1.8574355152e+01
4.6911631387e-01
8.5370887172e+00
-2.1579992394e-01
2.3812912778e+00
-7.2970263662e-02
1.3390983933e-01
-6.5830371441e-03
-2.5086247435e+00
7.0030762494e-02
-1.8844887929e-02
-9.3726134562e-01
1.7526703364e-02
4.4489441051e-01
7.5459046357e-04
-3.0047220390e-01
1.2716254868e-02
4.3399062581e-01
1.0462769967e-02
4.2874961372e-01
-2.1195596959e-02
-7.1915665078e-01
KVEC
18
5:6:7
BARREL
RZ
FLOATPT
-inf inf
0.0000000000e+00 5.0000000000e-02
0
1
4
6.3412773693e-02
-5.8958055508e-02
-2.0761066492e+01
-1.1196036713e+01
CMTX
18
5:6:7
BARREL
RZ
FLOATPT
-inf inf
5.0000000000e-02 1.0000000000e-01
0
2
6
-3.4267319072e-02
2.5596581706e-03
-8.1584362524e-04
5.1680996420e-05
3.5087728528e-02
-2.6279281838e-03
1.5864609054e+00
-1.1863340514e-01
3.6306762573e-01
-2.6891152535e-02
-9.4968197650e-01
7.0961588445e-02
QVEC
18
5:6:7
BARREL
RZ
FLOATPT
-inf inf
5.0000000000e-02 1.0000000000e-01
0
1
2
7.5240074544e-02
-3.1916394645e-03
AMTX
18
5:6:7
BARREL
RZ
FLOATPT
-inf inf
5.0000000000e-02 1.0000000000e-01
0
4
6
1.0073216248e+01
-7.6110124203e-01
-1.8586201794e+01
1.4013940268e+00
8.5137424340e+00
-6.4582720105e-01
2.3716896688e+00
-2.0343652993e-01
1.3825058029e-01
-2.5428959370e-02
-2.5020164024e+00
2.1471116552e-01
-5.3096022622e-02
-9.5495066397e-01
4.9273812247e-02
3.7472654896e-01
1.3219167725e-03
-2.9025193161e-01
3.0258483340e-02
4.0331577079e-01
3.2166561962e-02
5.1422084020e-01
-6.4491963809e-02
-6.6342831958e-01
KVEC
18
5:6:7
BARREL
RZ
FLOATPT
-inf inf
5.0000000000e-02 1.0000000000e-01
0
1
4
-2.1658121736e-01
2.4045922277e-01
-2.3099660547e+01
-6.2064670797e+00
CMTX
18
5:6:7
BARREL
RZ
FLOATPT
-inf inf
1.0000000000e-01 1.5000000000e-01
0
2
6
-3.4154894861e-02
4.2618170488e-03
-9.7788618363e-04
1.1165548056e-04
3.5134755250e-02
-4.3982181086e-03
1.5807725775e+00
-1.9749345892e-01
3.7120935663e-01
-4.6155277338e-02
-9.5207997344e-01
1.1899402289e-01
QVEC
18
5:6:7
BARREL
RZ
FLOATPT
-inf inf
1.0000000000e-01 1.5000000000e-01
0
1
2
1.2565715742e-01
-5.7825523602e-03
AMTX
18
5:6:7
BARREL
RZ
FLOATPT
-inf inf
1.0000000000e-01 1.5000000000e-01
0
4
6
1.0110461326e+01
-1.2749042945e+00
-1.8650796840e+01
2.3451597172e+00
8.5396803197e+00
-1.0775964753e+00
2.3561971786e+00
-3.2688486047e-01
1.3918336800e-01
-1.3765116865e-02
-2.4889822889e+00
3.3009775448e-01
-9.4927626320e-02
-9.9416894762e-01
6.7884723815e-02
2.5518104925e-01
2.3771732457e-02
-1.4565072995e-01
2.7852774937e-02
2.5156958095e-01
6.6635402906e-02
5.8542487446e-01
-9.8305771639e-02
-6.9461170741e-01
KVEC
18
5:6:7
BARREL
RZ
FLOATPT
-inf inf
1.0000000000e-01 1.5000000000e-01
0
1
4
-2.5620014932e-01
3.2434383662e-01
-2.0771396473e+01
-8.8819325482e+00
CMTX
18
5:6:7
BARREL
RZ
FLOATPT
-inf inf
1.5000000000e-01 2.0000000000e-01
0
2
6
-3.4285388546e-02
6.0258307535e-03
-8.4451454023e-04
1.4164612111e-04
3.5132777821e-02
-6.1852587469e-03
1.5821113684e+00
-2.7819848825e-01
3.7334778426e-01
-6.5581137022e-02
-9.5558538530e-01
1.6799017173e-01
QVEC
18
5:6:7
BARREL
RZ
FLOATPT
-inf inf
1.5000000000e-01 2.0000000000e-01
0
1
2
1.7623763869e-01
5.7167442274e-03
AMTX
18
5:6:7
BARREL
RZ
FLOATPT
-inf inf
1.5000000000e-01 2.0000000000e-01
0
4
6
-1.0091864678e+01
1.7791474953e+00
1.8673746749e+01
-3.2950872273e+00
-8.5820317779e+00
1.5179482975e+00
2.3360368524e+00
-4.5677487764e-01
1.3364676378e-01
-1.8928638528e-02
-2.4621909266e+00
4.6047653120e-01
1.3948078267e-01
9.9482989724e-01
-4.3430392173e-02
1.2091325897e-02
-9.6178806107e-02
-2.2193600982e-01
-1.8376330633e-02
-1.5881541491e-01
1.2468706706e-01
6.5893477300e-01
-1.1046350208e-01
-6.6406994242e-01
KVEC
18
5:6:7
BARREL
RZ
FLOATPT
-inf inf
1.5000000000e-01 2.0000000000e-01
0
1
4
1.2251485210e-01
4.7939344934e-01
1.1281663513e+01
-1.4045021164e+01
CMTX
18
5:6:7
BARREL
RZ
FLOATPT
-inf inf
2.0000000000e-01 2.5000000000e-01
0
2
6
-3.4405291898e-02
7.8292359931e-03
-7.1383212191e-04
1.5637561134e-04
3.5120650896e-02
-7.9946596934e-03
1.5862142582e+00
-3.6064707288e-01
3.6801984343e-01
-8.3435912259e-02
-9.5428651907e-01
2.1726127444e-01
QVEC
18
5:6:7
BARREL
RZ
FLOATPT
-inf inf
2.0000000000e-01 2.5000000000e-01
0
1
2
2.2748373297e-01
-1.4358420095e-02
AMTX
18
5:6:7
BARREL
RZ
FLOATPT
-inf inf
2.0000000000e-01 2.5000000000e-01
0
4
6
-1.0139361696e+01
2.3096268307e+00
1.8793448713e+01
-4.2769062428e+00
-8.6534967264e+00
1.9677490428e+00
2.3235356223e+00
-5.7631610251e-01
1.2699658511e-01
-3.3716881005e-02
-2.4433000823e+00
6.1809010406e-01
1.6195709121e-01
9.2967341108e-01
-1.3104812880e-02
2.1664432148e-01
-1.5033450089e-01
-3.2175045942e-01
-5.9142544161e-02
-3.4803122128e-01
1.6826364725e-01
6.6826987320e-01
-1.1129957162e-01
-5.4026325930e-01
KVEC
18
5:6:7
BARREL
RZ
FLOATPT
-inf inf
2.0000000000e-01 2.5000000000e-01
0
1
4
-6.4993849993e-02
1.9024725548e+00
1.1623453175e+01
-1.1686364065e+01
CMTX
18
5:6:7
BARREL
RZ
FLOATPT
-inf inf
2.5000000000e-01 3.0000000000e-01
0
2
6
-3.4144236643e-02
9.5245860519e-03
-1.1289177153e-03
3.0012435953e-04
3.5276081633e-02
-9.8473226860e-03
1.5781927930e+00
-4.3989418680e-01
3.8231090188e-01
-1.0612788023e-01
-9.6059651659e-01
2.6833407081e-01
QVEC
18
5:6:7
BARREL
RZ
FLOATPT
-inf inf
2.5000000000e-01 3.0000000000e-01
0
1
2
2.7932570340e-01
-3.4700962193e-02
AMTX
18
5:6:7
BARREL
RZ
FLOATPT
-inf inf
2.5000000000e-01 3.0000000000e-01
0
4
6
1.0234793681e+01
-2.8582657062e+00
-1.8931356939e+01
5.2914459094e+00
8.6962242616e+00
-2.4279342634e+00
-2.2879976290e+00
6.9684571883e-01
-1.2596148391e-01
5.6684555633e-02
2.4065794892e+00
-7.3981981677e-01
1.6079586548e-01
8.8611544023e-01
9.2308171465e-03
3.9462321453e-01
-1.7242615942e-01
-1.9486603267e-01
6.4224099873e-02
4.0426058907e-01
-2.0029578831e-01
-5.6372796270e-01
1.3706227544e-01
6.1891937558e-01
KVEC
18
5:6:7
BARREL
RZ
FLOATPT
-inf inf
2.5000000000e-01 3.0000000000e-01
0
1
4
2.4654945853e-01
-1.3627277144e+00
2.3060591085e+01
2.0843173290e+01
CMTX
18
5:6:7
BARREL
RZ
FLOATPT
-inf inf
3.0000000000e-01 3.5000000000e-01
0
2
6
-3.4215807502e-02
1.1339523597e-02
-1.1184089121e-03
3.7172360057e-04
3.5336890400e-02
-1.1727015713e-02
1.5800787053e+00
-5.2334340583e-01
3.8323921554e-01
-1.2693135169e-01
-9.6338655823e-01
3.2000669415e-01
QVEC
18
5:6:7
BARREL
RZ
FLOATPT
-inf inf
3.0000000000e-01 3.5000000000e-01
0
1
2
3.3157105603e-01
-3.3621883633e-02
AMTX
18
5:6:7
BARREL
RZ
FLOATPT
-inf inf
3.0000000000e-01 3.5000000000e-01
0
4
6
1.0302421870e+01
-3.4132199483e+00
-1.9020004427e+01
6.3097438502e+00
8.7175405648e+00
-2.8947625076e+00
-2.2514424518e+00
8.0734925135e-01
-1.2720649526e-01
6.5229490618e-02
2.3713857514e+00
-8.4541289852e-01
1.6290754520e-01
9.2500531910e-01
-4.8307123592e-02
3.2057389700e-01
-1.1503199237e-01
1.5885257176e-01
7.8813435520e-03
1.1178149845e-01
-2.2557589032e-01
-6.1996512124e-01
2.1705975744e-01
6.8071997009e-01
KVEC
18
5:6:7
BARREL
RZ
FLOATPT
-inf inf
3.0000000000e-01 3.5000000000e-01
0
1
4
2.2037605165e-02
-7.9514011825e-01
3.9281353559e+01
1.5995611406e+01
CMTX
18
5:6:7
BARREL
RZ
FLOATPT
-inf inf
3.5000000000e-01 4.0000000000e-01
0
2
6
-3.4405200557e-02
1.3216870471e-02
-7.9126638373e-04
3.0056261041e-04
3.5199715922e-02
-1.3540906640e-02
1.5867524983e+00
-6.0961429266e-01
3.7288363054e-01
-1.4330372771e-01
-9.5974795459e-01
3.6912530682e-01
QVEC
18
5:6:7
BARREL
RZ
FLOATPT
-inf inf
3.5000000000e-01 4.0000000000e-01
0
1
2
3.8454278293e-01
-3.8220692610e-03
AMTX
18
5:6:7
BARREL
RZ
FLOATPT
-inf inf
3.5000000000e-01 4.0000000000e-01
0
4
6
1.0352103596e+01
-3.9850188036e+00
-1.9103257076e+01
7.3570041785e+00
8.7515510476e+00
-3.3757899229e+00
-2.2106505161e+00
9.2928657508e-01
-1.2692062865e-01
6.7599212282e-02
2.3312501452e+00
-9.6692269725e-01
1.8040823645e-01
9.1742807331e-01
-1.2050349626e-01
1.6295231773e-01
-5.9627461310e-02
3.5270382221e-01
-2.7626981309e-02
-1.0986200134e-01
-2.3761792612e-01
-6.8693378805e-01
2.6554648187e-01
5.8097511534e-01
KVEC
18
5:6:7
BARREL
RZ
FLOATPT
-inf inf
3.5000000000e-01 4.0000000000e-01
0
1
4
-1.6915551789e-01
-1.0750187994e+00
4.3359104545e+01
4.1368896231e+00
